List of nonzero CGCs for S x S' => S'', alpha
Q(M)	Q(M')	Q(M'')	CGC
1	11	1	-0.612372435695794
2	5	1	0.353553390593273
3	2	1	-0.353553390593274
4	1	1	0.612372435695794
1	12	2	-0.612372435695794
2	6	2	0.353553390593274
3	3	2	-0.500000000000000
4	2	2	0.500000000000000
1	13	3	-0.612372435695794
2	7	3	0.353553390593273
3	4	3	-0.612372435695794
4	3	3	0.353553390593274
1	14	4	-0.612372435695794
2	8	4	0.500000000000000
3	6	4	-0.353553390593274
4	5	4	0.500000000000000
1	15	5	-0.612372435695794
2	9	5	0.500000000000000
3	7	5	-0.500000000000000
4	6	5	0.353553390593274
1	16	6	-0.612372435695795
2	10	6	0.612372435695795
3	9	6	-0.353553390593274
4	8	6	0.353553390593274
1	17	7	-0.707106781186547
2	14	7	0.144337567297407
3	12	7	-0.144337567297407
4	11	7	0.204124145231932
5	8	7	0.204124145231932
6	6	7	-0.204124145231932
7	5	7	0.288675134594813
8	3	7	0.204124145231931
9	2	7	-0.288675134594813
10	1	7	0.353553390593274
1	18	8	-0.707106781186547
2	15	8	0.144337567297406
3	13	8	-0.204124145231932
4	12	8	0.144337567297406
5	9	8	0.204124145231932
6	7	8	-0.288675134594813
7	6	8	0.204124145231931
8	4	8	0.353553390593273
9	3	8	-0.288675134594813
10	2	8	0.204124145231931
1	19	9	-0.707106781186548
2	16	9	0.204124145231931
3	15	9	-0.144337567297407
4	14	9	0.144337567297406
5	10	9	0.353553390593274
6	9	9	-0.288675134594813
7	8	9	0.288675134594813
8	7	9	0.204124145231931
9	6	9	-0.204124145231931
10	5	9	0.204124145231932
1	20	10	-0.670820393249937
2	19	10	-0.074535599249993
3	18	10	0.074535599249993
4	17	10	-0.074535599249993
5	16	10	0.260874597374976
6	15	10	-0.260874597374976
7	14	10	0.260874597374975
8	13	10	0.260874597374975
9	12	10	-0.260874597374975
10	11	10	0.260874597374975
11	10	10	0.111803398874990
12	9	10	-0.111803398874990
13	8	10	0.111803398874989
14	7	10	0.111803398874989
15	6	10	-0.111803398874989
16	5	10	0.111803398874989
17	4	10	-0.111803398874989
18	3	10	0.111803398874990
19	2	10	-0.111803398874990
20	1	10	0.111803398874989
2	11	11	-0.500000000000000
5	5	11	0.500000000000000
6	2	11	-0.353553390593273
7	1	11	0.612372435695794
2	12	12	-0.500000000000000
5	6	12	0.500000000000000
6	3	12	-0.500000000000000
7	2	12	0.500000000000000
2	13	13	-0.500000000000000
5	7	13	0.500000000000000
6	4	13	-0.612372435695794
7	3	13	0.353553390593274
2	14	14	-0.433012701892219
3	12	14	-0.144337567297406
4	11	14	0.204124145231931
5	8	14	0.612372435695795
6	6	14	-0.204124145231931
7	5	14	0.288675134594813
8	3	14	-0.204124145231932
9	2	14	0.288675134594813
10	1	14	-0.353553390593274
2	15	15	-0.433012701892219
3	13	15	-0.204124145231931
4	12	15	0.144337567297406
5	9	15	0.612372435695794
6	7	15	-0.288675134594813
7	6	15	0.204124145231931
8	4	15	-0.353553390593274
9	3	15	0.288675134594813
10	2	15	-0.204124145231932
2	16	16	-0.353553390593274
3	15	16	-0.250000000000000
4	14	16	0.250000000000000
5	10	16	0.612372435695794
8	7	16	-0.353553390593273
9	6	16	0.353553390593274
10	5	16	-0.353553390593274
3	11	17	-0.500000000000000
6	5	17	0.353553390593274
8	2	17	-0.500000000000000
9	1	17	0.612372435695795
3	12	18	-0.408248290463863
4	11	18	-0.288675134594813
6	6	18	0.288675134594813
7	5	18	0.204124145231932
8	3	18	-0.577350269189626
9	2	18	0.204124145231932
10	1	18	0.500000000000000
3	13	19	-0.288675134594813
4	12	19	-0.408248290463863
6	7	19	0.204124145231931
7	6	19	0.288675134594813
8	4	19	-0.500000000000000
9	3	19	-0.204124145231931
10	2	19	0.577350269189626
4	13	20	-0.500000000000000
7	7	20	0.353553390593274
9	4	20	-0.612372435695795
10	3	20	0.500000000000000
3	14	21	-0.500000000000000
6	8	21	0.500000000000000
8	6	21	-0.500000000000001
9	5	21	0.500000000000000
3	15	22	-0.353553390593274
4	14	22	-0.353553390593274
6	9	22	0.353553390593274
7	8	22	0.353553390593274
8	7	22	-0.500000000000001
10	5	22	0.500000000000000
4	15	23	-0.500000000000000
7	9	23	0.500000000000000
9	7	23	-0.500000000000000
10	6	23	0.500000000000000
3	16	24	-0.500000000000000
6	10	24	0.612372435695795
8	9	24	-0.500000000000000
9	8	24	0.353553390593274
4	16	25	-0.500000000000000
7	10	25	0.612372435695795
9	9	25	-0.353553390593274
10	8	25	0.500000000000000
2	17	26	-0.645497224367903
5	14	26	0.365148371670111
6	12	26	-0.258198889747161
7	11	26	0.365148371670111
11	8	26	0.223606797749979
12	6	26	-0.182574185835055
13	5	26	0.258198889747161
14	3	26	0.129099444873580
15	2	26	-0.182574185835056
16	1	26	0.223606797749979
2	18	27	-0.645497224367902
5	15	27	0.365148371670111
6	13	27	-0.365148371670111
7	12	27	0.258198889747161
11	9	27	0.223606797749979
12	7	27	-0.258198889747161
13	6	27	0.182574185835055
14	4	27	0.223606797749979
15	3	27	-0.182574185835055
16	2	27	0.129099444873581
2	19	28	-0.527046276694730
3	18	28	-0.263523138347365
4	17	28	0.263523138347365
5	16	28	0.421637021355784
6	15	28	-0.105409255338946
7	14	28	0.105409255338946
8	13	28	-0.210818510677892
9	12	28	0.210818510677892
10	11	28	-0.210818510677892
11	10	28	0.316227766016838
12	9	28	-0.158113883008419
13	8	28	0.158113883008419
17	4	28	0.158113883008419
18	3	28	-0.158113883008419
19	2	28	0.158113883008419
20	1	28	-0.158113883008419
3	17	29	-0.645497224367903
6	14	29	0.258198889747161
8	12	29	-0.365148371670111
9	11	29	0.365148371670111
12	8	29	0.129099444873581
14	6	29	-0.182574185835056
15	5	29	0.182574185835055
17	3	29	0.223606797749979
18	2	29	-0.258198889747161
19	1	29	0.223606797749979
3	18	30	-0.456435464587638
4	17	30	-0.456435464587638
6	15	30	0.182574185835055
7	14	30	0.182574185835055
8	13	30	-0.365148371670111
10	11	30	0.365148371670111
12	9	30	0.091287092917528
13	8	30	0.091287092917528
14	7	30	-0.182574185835056
16	5	30	0.182574185835055
17	4	30	0.273861278752583
18	3	30	-0.091287092917528
19	2	30	-0.091287092917528
20	1	30	0.273861278752583
4	18	31	-0.645497224367903
7	15	31	0.258198889747161
9	13	31	-0.365148371670111
10	12	31	0.365148371670111
13	9	31	0.129099444873581
15	7	31	-0.182574185835056
16	6	31	0.182574185835055
18	4	31	0.223606797749979
19	3	31	-0.258198889747161
20	2	31	0.223606797749979
3	19	32	-0.645497224367903
6	16	32	0.365148371670111
8	15	32	-0.365148371670111
9	14	32	0.258198889747161
12	10	32	0.223606797749979
14	9	32	-0.258198889747161
15	8	32	0.182574185835055
17	7	32	0.223606797749979
18	6	32	-0.182574185835056
19	5	32	0.129099444873581
4	19	33	-0.645497224367903
7	16	33	0.365148371670111
9	15	33	-0.258198889747162
10	14	33	0.365148371670111
13	10	33	0.223606797749979
15	9	33	-0.182574185835056
16	8	33	0.258198889747161
18	7	33	0.129099444873580
19	6	33	-0.182574185835055
20	5	33	0.223606797749979
2	20	34	-0.707106781186548
5	19	34	0.204124145231931
6	18	34	-0.144337567297407
7	17	34	0.144337567297406
11	16	34	0.353553390593274
12	15	34	-0.288675134594813
13	14	34	0.288675134594813
14	13	34	0.204124145231931
15	12	34	-0.204124145231932
16	11	34	0.204124145231932
3	20	35	-0.707106781186548
6	19	35	0.144337567297406
8	18	35	-0.204124145231932
9	17	35	0.144337567297406
12	16	35	0.204124145231932
14	15	35	-0.288675134594813
15	14	35	0.204124145231931
17	13	35	0.353553390593273
18	12	35	-0.288675134594813
19	11	35	0.204124145231932
4	20	36	-0.707106781186548
7	19	36	0.144337567297406
9	18	36	-0.144337567297407
10	17	36	0.204124145231931
13	16	36	0.204124145231932
15	15	36	-0.204124145231932
16	14	36	0.288675134594813
18	13	36	0.204124145231931
19	12	36	-0.288675134594813
20	11	36	0.353553390593274
5	11	37	-0.353553390593274
11	5	37	0.612372435695794
12	2	37	-0.353553390593273
13	1	37	0.612372435695794
5	12	38	-0.353553390593274
11	6	38	0.612372435695794
12	3	38	-0.499999999999999
13	2	38	0.500000000000000
5	13	39	-0.353553390593274
11	7	39	0.612372435695794
12	4	39	-0.612372435695794
13	3	39	0.353553390593274
5	14	40	-0.273861278752583
6	12	40	-0.129099444873580
7	11	40	0.182574185835055
11	8	40	0.670820393249937
12	6	40	-0.091287092917528
13	5	40	0.129099444873581
14	3	40	-0.258198889747161
15	2	40	0.365148371670111
16	1	40	-0.447213595499958
5	15	41	-0.273861278752583
6	13	41	-0.182574185835055
7	12	41	0.129099444873580
11	9	41	0.670820393249936
12	7	41	-0.129099444873580
13	6	41	0.091287092917528
14	4	41	-0.447213595499958
15	3	41	0.365148371670111
16	2	41	-0.258198889747161
5	16	42	-0.193649167310371
6	15	42	-0.193649167310371
7	14	42	0.193649167310371
8	13	42	-0.064549722436790
9	12	42	0.064549722436790
10	11	42	-0.064549722436790
11	10	42	0.580947501931112
12	9	42	0.193649167310371
13	8	42	-0.193649167310371
14	7	42	-0.322748612183951
15	6	42	0.322748612183951
16	5	42	-0.322748612183951
17	4	42	-0.193649167310371
18	3	42	0.193649167310371
19	2	42	-0.193649167310371
20	1	42	0.193649167310371
6	11	43	-0.353553390593274
12	5	43	0.500000000000000
14	2	43	-0.500000000000000
15	1	43	0.612372435695794
6	12	44	-0.288675134594813
7	11	44	-0.204124145231931
12	6	44	0.408248290463863
13	5	44	0.288675134594813
14	3	44	-0.577350269189626
15	2	44	0.204124145231932
16	1	44	0.500000000000000
6	13	45	-0.204124145231932
7	12	45	-0.288675134594813
12	7	45	0.288675134594813
13	6	45	0.408248290463863
14	4	45	-0.500000000000000
15	3	45	-0.204124145231931
16	2	45	0.577350269189626
7	13	46	-0.353553390593274
13	7	46	0.500000000000000
15	4	46	-0.612372435695794
16	3	46	0.500000000000000
6	14	47	-0.316227766016838
8	12	47	-0.111803398874989
9	11	47	0.111803398874989
12	8	47	0.632455532033676
14	6	47	-0.335410196624969
15	5	47	0.335410196624969
17	3	47	-0.273861278752583
18	2	47	0.316227766016838
19	1	47	-0.273861278752583
6	15	48	-0.223606797749979
7	14	48	-0.223606797749979
8	13	48	-0.111803398874989
10	11	48	0.111803398874989
12	9	48	0.447213595499958
13	8	48	0.447213595499958
14	7	48	-0.335410196624969
16	5	48	0.335410196624968
17	4	48	-0.335410196624968
18	3	48	0.111803398874990
19	2	48	0.111803398874989
20	1	48	-0.335410196624969
7	15	49	-0.316227766016838
9	13	49	-0.111803398874989
10	12	49	0.111803398874989
13	9	49	0.632455532033675
15	7	49	-0.335410196624968
16	6	49	0.335410196624968
18	4	49	-0.273861278752583
19	3	49	0.316227766016838
20	2	49	-0.273861278752583
6	16	50	-0.273861278752583
8	15	50	-0.182574185835055
9	14	50	0.129099444873581
12	10	50	0.670820393249937
14	9	50	-0.129099444873580
15	8	50	0.091287092917528
17	7	50	-0.447213595499958
18	6	50	0.365148371670111
19	5	50	-0.258198889747161
7	16	51	-0.273861278752583
9	15	51	-0.129099444873580
10	14	51	0.182574185835055
13	10	51	0.670820393249937
15	9	51	-0.091287092917528
16	8	51	0.129099444873580
18	7	51	-0.258198889747161
19	6	51	0.365148371670111
20	5	51	-0.447213595499958
8	11	52	-0.353553390593274
14	5	52	0.353553390593274
17	2	52	-0.612372435695795
18	1	52	0.612372435695795
8	12	53	-0.250000000000000
9	11	53	-0.250000000000000
14	6	53	0.250000000000000
15	5	53	0.250000000000000
17	3	53	-0.612372435695795
19	1	53	0.612372435695795
8	13	54	-0.144337567297406
9	12	54	-0.288675134594813
10	11	54	-0.144337567297406
14	7	54	0.144337567297406
15	6	54	0.288675134594813
16	5	54	0.144337567297406
17	4	54	-0.433012701892219
18	3	54	-0.433012701892219
19	2	54	0.433012701892219
20	1	54	0.433012701892219
9	13	55	-0.250000000000000
10	12	55	-0.250000000000000
15	7	55	0.250000000000000
16	6	55	0.250000000000000
18	4	55	-0.612372435695795
20	2	55	0.612372435695795
10	13	56	-0.353553390593274
16	7	56	0.353553390593274
19	4	56	-0.612372435695795
20	3	56	0.612372435695795
8	14	57	-0.353553390593274
14	8	57	0.500000000000000
17	6	57	-0.612372435695795
18	5	57	0.500000000000000
8	15	58	-0.204124145231932
9	14	58	-0.288675134594813
14	9	58	0.288675134594813
15	8	58	0.408248290463863
17	7	58	-0.500000000000000
18	6	58	-0.204124145231932
19	5	58	0.577350269189626
9	15	59	-0.288675134594813
10	14	59	-0.204124145231931
15	9	59	0.408248290463863
16	8	59	0.288675134594813
18	7	59	-0.577350269189626
19	6	59	0.204124145231932
20	5	59	0.500000000000000
10	15	60	-0.353553390593274
16	9	60	0.500000000000000
19	7	60	-0.500000000000000
20	6	60	0.612372435695795
8	16	61	-0.353553390593273
14	10	61	0.612372435695794
17	9	61	-0.612372435695794
18	8	61	0.353553390593274
9	16	62	-0.353553390593274
15	10	62	0.612372435695794
18	9	62	-0.500000000000000
19	8	62	0.500000000000000
10	16	63	-0.353553390593274
16	10	63	0.612372435695794
19	9	63	-0.353553390593274
20	8	63	0.612372435695795
5	17	64	-0.500000000000000
11	14	64	0.612372435695795
12	12	64	-0.353553390593274
13	11	64	0.500000000000000
5	18	65	-0.500000000000000
11	15	65	0.612372435695794
12	13	65	-0.499999999999999
13	12	65	0.353553390593274
5	19	66	-0.353553390593274
6	18	66	-0.250000000000000
7	17	66	0.250000000000000
11	16	66	0.612372435695794
14	13	66	-0.353553390593273
15	12	66	0.353553390593274
16	11	66	-0.353553390593274
6	17	67	-0.500000000000000
12	14	67	0.500000000000000
14	12	67	-0.500000000000000
15	11	67	0.500000000000000
6	18	68	-0.353553390593274
7	17	68	-0.353553390593274
12	15	68	0.353553390593274
13	14	68	0.353553390593274
14	13	68	-0.500000000000000
16	11	68	0.500000000000000
7	18	69	-0.500000000000000
13	15	69	0.500000000000000
15	13	69	-0.500000000000000
16	12	69	0.500000000000000
6	19	70	-0.433012701892219
8	18	70	-0.204124145231931
9	17	70	0.144337567297406
12	16	70	0.612372435695794
14	15	70	-0.288675134594813
15	14	70	0.204124145231931
17	13	70	-0.353553390593273
18	12	70	0.288675134594813
19	11	70	-0.204124145231932
7	19	71	-0.433012701892219
9	18	71	-0.144337567297406
10	17	71	0.204124145231932
13	16	71	0.612372435695794
15	15	71	-0.204124145231932
16	14	71	0.288675134594813
18	13	71	-0.204124145231931
19	12	71	0.288675134594813
20	11	71	-0.353553390593274
8	17	72	-0.500000000000000
14	14	72	0.353553390593274
17	12	72	-0.612372435695795
18	11	72	0.500000000000000
8	18	73	-0.288675134594813
9	17	73	-0.408248290463863
14	15	73	0.204124145231932
15	14	73	0.288675134594813
17	13	73	-0.500000000000000
18	12	73	-0.204124145231932
19	11	73	0.577350269189626
9	18	74	-0.408248290463863
10	17	74	-0.288675134594813
15	15	74	0.288675134594813
16	14	74	0.204124145231932
18	13	74	-0.577350269189626
19	12	74	0.204124145231931
20	11	74	0.500000000000000
10	18	75	-0.500000000000000
16	15	75	0.353553390593274
19	13	75	-0.500000000000000
20	12	75	0.612372435695795
8	19	76	-0.500000000000000
14	16	76	0.500000000000000
17	15	76	-0.612372435695794
18	14	76	0.353553390593274
9	19	77	-0.500000000000000
15	16	77	0.500000000000000
18	15	77	-0.500000000000000
19	14	77	0.500000000000000
10	19	78	-0.500000000000000
16	16	78	0.500000000000000
19	15	78	-0.353553390593274
20	14	78	0.612372435695795
5	20	79	-0.612372435695795
11	19	79	0.612372435695795
12	18	79	-0.353553390593274
13	17	79	0.353553390593274
6	20	80	-0.612372435695795
12	19	80	0.500000000000000
14	18	80	-0.500000000000000
15	17	80	0.353553390593274
7	20	81	-0.612372435695794
13	19	81	0.500000000000000
15	18	81	-0.353553390593274
16	17	81	0.500000000000000
8	20	82	-0.612372435695794
14	19	82	0.353553390593274
17	18	82	-0.612372435695795
18	17	82	0.353553390593274
9	20	83	-0.612372435695794
15	19	83	0.353553390593274
18	18	83	-0.500000000000000
19	17	83	0.500000000000000
10	20	84	-0.612372435695794
16	19	84	0.353553390593274
19	18	84	-0.353553390593274
20	17	84	0.612372435695795
