List of nonzero CGCs for S x S' => S'', alpha
Q(M)	Q(M')	Q(M'')	CGC
1	16	1	-0.632455532033673
2	6	1	0.316227766016844
3	2	1	-0.316227766016836
4	1	1	0.632455532033676
1	17	2	-0.632455532033673
2	7	2	0.316227766016843
3	3	2	-0.447213595499957
4	2	2	0.547722557505166
1	18	3	-0.632455532033673
2	8	3	0.316227766016842
3	4	3	-0.547722557505166
4	3	3	0.447213595499958
1	19	4	-0.632455532033673
2	9	4	0.316227766016841
3	5	4	-0.632455532033675
4	4	4	0.316227766016838
1	20	5	-0.632455532033674
2	10	5	0.447213595499960
3	7	5	-0.316227766016838
4	6	5	0.547722557505167
1	21	6	-0.632455532033674
2	11	6	0.447213595499960
3	8	6	-0.447213595499958
4	7	6	0.447213595499958
1	22	7	-0.632455532033674
2	12	7	0.447213595499958
3	9	7	-0.547722557505167
4	8	7	0.316227766016838
1	23	8	-0.632455532033675
2	13	8	0.547722557505167
3	11	8	-0.316227766016839
4	10	8	0.447213595499958
1	24	9	-0.632455532033674
2	14	9	0.547722557505166
3	12	9	-0.447213595499959
4	11	9	0.316227766016838
1	25	10	-0.632455532033675
2	15	10	0.632455532033676
3	14	10	-0.316227766016839
4	13	10	0.316227766016837
1	26	11	-0.707106781186546
2	20	11	0.100000000000001
3	17	11	-0.100000000000000
4	16	11	0.173205080756889
5	10	11	0.173205080756886
6	7	11	-0.173205080756888
7	6	11	0.300000000000002
8	3	11	0.173205080756887
9	2	11	-0.299999999999999
10	1	11	0.424264068711929
1	27	12	-0.707106781186546
2	21	12	0.100000000000000
3	18	12	-0.141421356237311
4	17	12	0.141421356237310
5	11	12	0.173205080756886
6	8	12	-0.244948974278319
7	7	12	0.244948974278319
8	4	12	0.299999999999999
9	3	12	-0.346410161513775
10	2	12	0.300000000000000
1	28	13	-0.707106781186546
2	22	13	0.100000000000000
3	19	13	-0.173205080756889
4	18	13	0.100000000000000
5	12	13	0.173205080756886
6	9	13	-0.300000000000002
7	8	13	0.173205080756889
8	5	13	0.424264068711928
9	4	13	-0.300000000000000
10	3	13	0.173205080756888
1	29	14	-0.707106781186547
2	23	14	0.141421356237309
3	21	14	-0.100000000000001
4	20	14	0.141421356237310
5	13	14	0.299999999999999
6	11	14	-0.244948974278319
7	10	14	0.346410161513776
8	8	14	0.173205080756887
9	7	14	-0.244948974278318
10	6	14	0.300000000000000
1	30	15	-0.707106781186547
2	24	15	0.141421356237309
3	22	15	-0.141421356237311
4	21	15	0.100000000000000
5	14	15	0.299999999999999
6	12	15	-0.346410161513777
7	11	15	0.244948974278318
8	9	15	0.300000000000000
9	8	15	-0.244948974278318
10	7	15	0.173205080756888
1	31	16	-0.707106781186546
2	25	16	0.173205080756888
3	24	16	-0.100000000000002
4	23	16	0.100000000000000
5	15	16	0.424264068711928
6	14	16	-0.300000000000001
7	13	16	0.300000000000000
8	12	16	0.173205080756888
9	11	16	-0.173205080756888
10	10	16	0.173205080756888
1	32	17	-0.654653670707977
2	29	17	-0.094491118252307
3	27	17	0.094491118252306
4	26	17	-0.133630620956212
5	23	17	0.185164019954510
6	21	17	-0.185164019954511
7	20	17	0.261861468283191
8	18	17	0.185164019954510
9	17	17	-0.261861468283191
10	16	17	0.320713490294909
11	13	17	0.098198050606197
12	11	17	-0.098198050606197
13	10	17	0.138873014965882
14	8	17	0.098198050606196
15	7	17	-0.138873014965884
16	6	17	0.170084012854152
17	4	17	-0.098198050606196
18	3	17	0.138873014965883
19	2	17	-0.170084012854152
20	1	17	0.196396101212393
1	33	18	-0.654653670707976
2	30	18	-0.094491118252307
3	28	18	0.133630620956211
4	27	18	-0.094491118252307
5	24	18	0.185164019954510
6	22	18	-0.261861468283192
7	21	18	0.185164019954510
8	19	18	0.320713490294909
9	18	18	-0.261861468283191
10	17	18	0.185164019954510
11	14	18	0.098198050606196
12	12	18	-0.138873014965883
13	11	18	0.098198050606196
14	9	18	0.170084012854152
15	8	18	-0.138873014965883
16	7	18	0.098198050606197
17	5	18	-0.196396101212393
18	4	18	0.170084012854152
19	3	18	-0.138873014965883
20	2	18	0.098198050606197
1	34	19	-0.654653670707976
2	31	19	-0.133630620956212
3	30	19	0.094491118252306
4	29	19	-0.094491118252307
5	25	19	0.320713490294909
6	24	19	-0.261861468283192
7	23	19	0.261861468283190
8	22	19	0.185164019954510
9	21	19	-0.185164019954511
10	20	19	0.185164019954511
11	15	19	0.196396101212393
12	14	19	-0.170084012854153
13	13	19	0.170084012854152
14	12	19	0.138873014965883
15	11	19	-0.138873014965883
16	10	19	0.138873014965883
17	9	19	-0.098198050606196
18	8	19	0.098198050606197
19	7	19	-0.098198050606197
20	6	19	0.098198050606197
1	35	20	-0.534522483824848
2	34	20	-0.267261241912424
3	33	20	0.267261241912424
4	32	20	-0.267261241912425
5	31	20	0.133630620956212
6	30	20	-0.133630620956213
7	29	20	0.133630620956212
8	28	20	0.133630620956212
9	27	20	-0.133630620956212
10	26	20	0.133630620956213
11	25	20	0.187082869338696
12	24	20	-0.187082869338698
13	23	20	0.187082869338697
14	22	20	0.187082869338697
15	21	20	-0.187082869338698
16	20	20	0.187082869338697
17	19	20	-0.187082869338697
18	18	20	0.187082869338697
19	17	20	-0.187082869338697
20	16	20	0.187082869338697
21	15	20	0.053452248382485
22	14	20	-0.053452248382485
23	13	20	0.053452248382485
24	12	20	0.053452248382485
25	11	20	-0.053452248382485
26	10	20	0.053452248382485
27	9	20	-0.053452248382485
28	8	20	0.053452248382485
29	7	20	-0.053452248382485
30	6	20	0.053452248382485
31	5	20	0.053452248382485
32	4	20	-0.053452248382485
33	3	20	0.053452248382485
34	2	20	-0.053452248382485
35	1	20	0.053452248382485
2	16	21	-0.547722557505164
5	6	21	0.447213595499962
6	2	21	-0.316227766016835
7	1	21	0.632455532033676
2	17	22	-0.547722557505164
5	7	22	0.447213595499962
6	3	22	-0.447213595499956
7	2	22	0.547722557505166
2	18	23	-0.547722557505163
5	8	23	0.447213595499962
6	4	23	-0.547722557505165
7	3	23	0.447213595499958
2	19	24	-0.547722557505163
5	9	24	0.447213595499961
6	5	24	-0.632455532033675
7	4	24	0.316227766016838
2	20	25	-0.489897948556634
3	17	25	-0.122474487139158
4	16	25	0.212132034355964
5	10	25	0.565685424949240
6	7	25	-0.212132034355964
7	6	25	0.367423461417476
8	3	25	-0.141421356237310
9	2	25	0.244948974278317
10	1	25	-0.346410161513776
2	21	26	-0.489897948556633
3	18	26	-0.173205080756887
4	17	26	0.173205080756887
5	11	26	0.565685424949241
6	8	26	-0.299999999999999
7	7	26	0.299999999999999
8	4	26	-0.244948974278318
9	3	26	0.282842712474619
10	2	26	-0.244948974278318
2	22	27	-0.489897948556633
3	19	27	-0.212132034355963
4	18	27	0.122474487139159
5	12	27	0.565685424949240
6	9	27	-0.367423461417476
7	8	27	0.212132034355964
8	5	27	-0.346410161513775
9	4	27	0.244948974278318
10	3	27	-0.141421356237310
2	23	28	-0.424264068711926
3	21	28	-0.199999999999999
4	20	28	0.282842712474618
5	13	28	0.600000000000002
6	11	28	-0.081649658092772
7	10	28	0.115470053837925
8	8	28	-0.230940107675850
9	7	28	0.326598632371091
10	6	28	-0.400000000000000
2	24	29	-0.424264068711926
3	22	29	-0.282842712474617
4	21	29	0.200000000000000
5	14	29	0.600000000000001
6	12	29	-0.115470053837924
7	11	29	0.081649658092772
8	9	29	-0.400000000000000
9	8	29	0.326598632371090
10	7	29	-0.230940107675850
2	25	30	-0.346410161513774
3	24	30	-0.299999999999998
4	23	30	0.300000000000000
5	15	30	0.565685424949239
6	14	30	0.100000000000001
7	13	30	-0.100000000000000
8	12	30	-0.346410161513776
9	11	30	0.346410161513775
10	10	30	-0.346410161513776
3	16	31	-0.547722557505165
6	6	31	0.316227766016841
8	2	31	-0.447213595499957
9	1	31	0.632455532033677
3	17	32	-0.474341649025256
4	16	32	-0.273861278752582
6	7	32	0.273861278752585
7	6	32	0.158113883008421
8	3	32	-0.547722557505166
9	2	32	0.316227766016838
10	1	32	0.447213595499958
3	18	33	-0.387298334620741
4	17	33	-0.387298334620740
6	8	33	0.223606797749980
7	7	33	0.223606797749981
8	4	33	-0.547722557505167
10	2	33	0.547722557505167
3	19	34	-0.273861278752582
4	18	34	-0.474341649025255
6	9	34	0.158113883008420
7	8	34	0.273861278752585
8	5	34	-0.447213595499958
9	4	34	-0.316227766016838
10	3	34	0.547722557505167
4	19	35	-0.547722557505164
7	9	35	0.316227766016840
9	5	35	-0.632455532033676
10	4	35	0.447213595499958
3	20	36	-0.547722557505166
6	10	36	0.447213595499959
8	7	36	-0.447213595499959
9	6	36	0.547722557505167
3	21	37	-0.447213595499958
4	20	37	-0.316227766016837
6	11	37	0.365148371670111
7	10	37	0.258198889747162
8	8	37	-0.516397779494323
9	7	37	0.182574185835055
10	6	37	0.447213595499958
3	22	38	-0.316227766016838
4	21	38	-0.447213595499957
6	12	38	0.258198889747161
7	11	38	0.365148371670111
8	9	38	-0.447213595499959
9	8	38	-0.182574185835056
10	7	38	0.516397779494323
4	22	39	-0.547722557505165
7	12	39	0.447213595499958
9	9	39	-0.547722557505167
10	8	39	0.447213595499958
3	23	40	-0.547722557505166
6	13	40	0.547722557505166
8	11	40	-0.447213595499959
9	10	40	0.447213595499958
3	24	41	-0.387298334620742
4	23	41	-0.387298334620741
6	14	41	0.387298334620741
7	13	41	0.387298334620742
8	12	41	-0.447213595499959
10	10	41	0.447213595499958
4	24	42	-0.547722557505165
7	14	42	0.547722557505166
9	12	42	-0.447213595499958
10	11	42	0.447213595499958
3	25	43	-0.547722557505165
6	15	43	0.632455532033676
8	14	43	-0.447213595499959
9	13	43	0.316227766016838
4	25	44	-0.547722557505165
7	15	44	0.632455532033676
9	14	44	-0.316227766016838
10	13	44	0.447213595499958
2	26	45	-0.670820393249935
5	20	45	0.258198889747162
6	17	45	-0.182574185835055
7	16	45	0.316227766016839
11	10	45	0.223606797749979
12	7	45	-0.182574185835056
13	6	45	0.316227766016839
14	3	45	0.129099444873580
15	2	45	-0.223606797749978
16	1	45	0.316227766016838
2	27	46	-0.670820393249935
5	21	46	0.258198889747162
6	18	46	-0.258198889747161
7	17	46	0.258198889747162
11	11	46	0.223606797749979
12	8	46	-0.258198889747161
13	7	46	0.258198889747162
14	4	46	0.223606797749978
15	3	46	-0.258198889747161
16	2	46	0.223606797749979
2	28	47	-0.670820393249935
5	22	47	0.258198889747162
6	19	47	-0.316227766016838
7	18	47	0.182574185835056
11	12	47	0.223606797749979
12	9	47	-0.316227766016838
13	8	47	0.182574185835056
14	5	47	0.316227766016837
15	4	47	-0.223606797749979
16	3	47	0.129099444873581
2	29	48	-0.580947501931112
3	27	48	-0.193649167310370
4	26	48	0.273861278752583
5	23	48	0.316227766016839
6	21	48	-0.105409255338946
7	20	48	0.149071198499987
8	18	48	-0.105409255338946
9	17	48	0.149071198499986
10	16	48	-0.182574185835056
11	13	48	0.335410196624969
12	11	48	-0.186338998124982
13	10	48	0.263523138347366
14	8	48	0.037267799624997
15	7	48	-0.052704627669473
16	6	48	0.064549722436790
17	4	48	0.111803398874989
18	3	48	-0.158113883008419
19	2	48	0.193649167310371
20	1	48	-0.223606797749979
2	30	49	-0.580947501931111
3	28	49	-0.273861278752582
4	27	49	0.193649167310371
5	24	49	0.316227766016838
6	22	49	-0.149071198499986
7	21	49	0.105409255338946
8	19	49	-0.182574185835056
9	18	49	0.149071198499986
10	17	49	-0.105409255338946
11	14	49	0.335410196624968
12	12	49	-0.263523138347365
13	11	49	0.186338998124983
14	9	49	0.064549722436790
15	8	49	-0.052704627669473
16	7	49	0.037267799624996
17	5	49	0.223606797749979
18	4	49	-0.193649167310371
19	3	49	0.158113883008419
20	2	49	-0.111803398874989
2	31	50	-0.474341649025256
3	30	50	-0.335410196624967
4	29	50	0.335410196624968
5	25	50	0.316227766016838
8	22	50	-0.182574185835056
9	21	50	0.182574185835056
10	20	50	-0.182574185835056
11	15	50	0.387298334620741
12	14	50	-0.111803398874990
13	13	50	0.111803398874990
14	12	50	-0.091287092917528
15	11	50	0.091287092917528
16	10	50	-0.091287092917528
17	9	50	0.193649167310371
18	8	50	-0.193649167310371
19	7	50	0.193649167310371
20	6	50	-0.193649167310371
3	26	51	-0.670820393249936
6	20	51	0.182574185835055
8	17	51	-0.258198889747162
9	16	51	0.316227766016839
12	10	51	0.129099444873579
14	7	51	-0.182574185835057
15	6	51	0.223606797749979
17	3	51	0.223606797749979
18	2	51	-0.316227766016838
19	1	51	0.316227766016838
3	27	52	-0.547722557505166
4	26	52	-0.387298334620741
6	21	52	0.149071198499985
7	20	52	0.105409255338946
8	18	52	-0.298142396999973
9	17	52	0.105409255338946
10	16	52	0.258198889747162
12	11	52	0.105409255338945
13	10	52	0.074535599249992
14	8	52	-0.210818510677894
15	7	52	0.074535599249993
16	6	52	0.182574185835056
17	4	52	0.316227766016838
18	3	52	-0.223606797749979
20	1	52	0.316227766016838
3	28	53	-0.387298334620741
4	27	53	-0.547722557505166
6	22	53	0.105409255338945
7	21	53	0.149071198499986
8	19	53	-0.258198889747162
9	18	53	-0.105409255338946
10	17	53	0.298142396999973
12	12	53	0.074535599249992
13	11	53	0.105409255338945
14	9	53	-0.182574185835057
15	8	53	-0.074535599249994
16	7	53	0.210818510677893
17	5	53	0.316227766016838
19	3	53	-0.223606797749979
20	2	53	0.316227766016838
4	28	54	-0.670820393249936
7	22	54	0.182574185835055
9	19	54	-0.316227766016839
10	18	54	0.258198889747162
13	12	54	0.129099444873579
15	9	54	-0.223606797749980
16	8	54	0.182574185835056
18	5	54	0.316227766016838
19	4	54	-0.316227766016838
20	3	54	0.223606797749979
3	29	55	-0.670820393249936
6	23	55	0.258198889747160
8	21	55	-0.258198889747162
9	20	55	0.258198889747161
12	13	55	0.223606797749978
14	11	55	-0.258198889747162
15	10	55	0.258198889747161
17	8	55	0.223606797749978
18	7	55	-0.258198889747161
19	6	55	0.223606797749979
3	30	56	-0.474341649025256
4	29	56	-0.474341649025257
6	24	56	0.182574185835054
7	23	56	0.182574185835055
8	22	56	-0.258198889747162
10	20	56	0.258198889747162
12	14	56	0.158113883008418
13	13	56	0.158113883008418
14	12	56	-0.258198889747162
16	10	56	0.258198889747161
17	9	56	0.273861278752583
18	8	56	-0.091287092917528
19	7	56	-0.091287092917528
20	6	56	0.273861278752583
4	30	57	-0.670820393249937
7	24	57	0.258198889747160
9	22	57	-0.258198889747162
10	21	57	0.258198889747162
13	14	57	0.223606797749978
15	12	57	-0.258198889747162
16	11	57	0.258198889747161
18	9	57	0.223606797749979
19	8	57	-0.258198889747161
20	7	57	0.223606797749979
3	31	58	-0.670820393249936
6	25	58	0.316227766016838
8	24	58	-0.258198889747162
9	23	58	0.182574185835055
12	15	58	0.316227766016837
14	14	58	-0.316227766016838
15	13	58	0.223606797749979
17	12	58	0.223606797749979
18	11	58	-0.182574185835056
19	10	58	0.129099444873580
4	31	59	-0.670820393249936
7	25	59	0.316227766016838
9	24	59	-0.182574185835056
10	23	59	0.258198889747161
13	15	59	0.316227766016837
15	14	59	-0.223606797749979
16	13	59	0.316227766016838
18	12	59	0.129099444873580
19	11	59	-0.182574185835056
20	10	59	0.223606797749979
2	32	60	-0.694365074829413
5	29	60	0.065465367070798
6	27	60	-0.046291004988628
7	26	60	0.065465367070798
11	23	60	0.293987366103667
12	21	60	-0.240039679259592
13	20	60	0.339467369916602
14	18	60	0.169733684958300
15	17	60	-0.240039679259592
16	16	60	0.293987366103667
21	13	60	0.092582009977255
22	11	60	-0.080178372573728
23	10	60	0.113389341902768
24	8	60	0.065465367070797
25	7	60	-0.092582009977256
26	6	60	0.113389341902768
27	4	60	-0.046291004988627
28	3	60	0.065465367070798
29	2	60	-0.080178372573727
30	1	60	0.092582009977255
2	33	61	-0.694365074829413
5	30	61	0.065465367070798
6	28	61	-0.065465367070798
7	27	61	0.046291004988628
11	24	61	0.293987366103667
12	22	61	-0.339467369916602
13	21	61	0.240039679259592
14	19	61	0.293987366103666
15	18	61	-0.240039679259592
16	17	61	0.169733684958301
21	14	61	0.092582009977255
22	12	61	-0.113389341902769
23	11	61	0.080178372573727
24	9	61	0.113389341902768
25	8	61	-0.092582009977255
26	7	61	0.065465367070798
27	5	61	-0.092582009977255
28	4	61	0.080178372573727
29	3	61	-0.065465367070798
30	2	61	0.046291004988628
2	34	62	-0.566946709513841
3	33	62	-0.283473354756920
4	32	62	0.283473354756920
5	31	62	0.075592894601846
6	30	62	-0.018898223650462
7	29	62	0.018898223650461
8	28	62	-0.037796447300923
9	27	62	0.037796447300923
10	26	62	-0.037796447300923
11	25	62	0.415760920310150
12	24	62	-0.207880460155075
13	23	62	0.207880460155075
17	19	62	0.207880460155075
18	18	62	-0.207880460155075
19	17	62	0.207880460155075
20	16	62	-0.207880460155075
21	15	62	0.151185789203691
22	14	62	-0.094491118252307
23	13	62	0.094491118252307
24	12	62	0.037796447300922
25	11	62	-0.037796447300923
26	10	62	0.037796447300923
27	9	62	0.018898223650461
28	8	62	-0.018898223650462
29	7	62	0.018898223650461
30	6	62	-0.018898223650461
31	5	62	-0.075592894601845
32	4	62	0.075592894601845
33	3	62	-0.075592894601845
34	2	62	0.075592894601845
35	1	62	-0.075592894601845
3	32	63	-0.694365074829413
6	29	63	0.046291004988627
8	27	63	-0.065465367070798
9	26	63	0.065465367070798
12	23	63	0.169733684958301
14	21	63	-0.240039679259592
15	20	63	0.240039679259592
17	18	63	0.293987366103667
18	17	63	-0.339467369916603
19	16	63	0.293987366103667
22	13	63	0.046291004988627
24	11	63	-0.065465367070798
25	10	63	0.065465367070797
27	8	63	0.080178372573727
28	7	63	-0.092582009977255
29	6	63	0.080178372573727
31	4	63	-0.092582009977255
32	3	63	0.113389341902768
33	2	63	-0.113389341902768
34	1	63	0.092582009977255
3	33	64	-0.490990253030982
4	32	64	-0.490990253030982
6	30	64	0.032732683535399
7	29	64	0.032732683535399
8	28	64	-0.065465367070798
10	26	64	0.065465367070798
12	24	64	0.120019839629795
13	23	64	0.120019839629795
14	22	64	-0.240039679259592
16	20	64	0.240039679259592
17	19	64	0.360059518889387
18	18	64	-0.120019839629796
19	17	64	-0.120019839629796
20	16	64	0.360059518889387
22	14	64	0.032732683535398
23	13	64	0.032732683535399
24	12	64	-0.065465367070798
26	10	64	0.065465367070797
27	9	64	0.098198050606197
28	8	64	-0.032732683535399
29	7	64	-0.032732683535399
30	6	64	0.098198050606197
31	5	64	-0.130930734141595
32	4	64	0.065465367070798
34	2	64	-0.065465367070798
35	1	64	0.130930734141595
4	33	65	-0.694365074829413
7	30	65	0.046291004988627
9	28	65	-0.065465367070799
10	27	65	0.065465367070798
13	24	65	0.169733684958300
15	22	65	-0.240039679259592
16	21	65	0.240039679259592
18	19	65	0.293987366103667
19	18	65	-0.339467369916603
20	17	65	0.293987366103667
23	14	65	0.046291004988627
25	12	65	-0.065465367070798
26	11	65	0.065465367070797
28	9	65	0.080178372573728
29	8	65	-0.092582009977256
30	7	65	0.080178372573727
32	5	65	-0.092582009977255
33	4	65	0.113389341902768
34	3	65	-0.113389341902768
35	2	65	0.092582009977255
3	34	66	-0.694365074829413
6	31	66	0.065465367070798
8	30	66	-0.065465367070799
9	29	66	0.046291004988627
12	25	66	0.293987366103666
14	24	66	-0.339467369916603
15	23	66	0.240039679259591
17	22	66	0.293987366103667
18	21	66	-0.240039679259592
19	20	66	0.169733684958301
22	15	66	0.092582009977255
24	14	66	-0.113389341902768
25	13	66	0.080178372573727
27	12	66	0.113389341902768
28	11	66	-0.092582009977256
29	10	66	0.065465367070798
31	9	66	-0.092582009977255
32	8	66	0.080178372573727
33	7	66	-0.065465367070798
34	6	66	0.046291004988628
4	34	67	-0.694365074829413
7	31	67	0.065465367070798
9	30	67	-0.046291004988628
10	29	67	0.065465367070798
13	25	67	0.293987366103666
15	24	67	-0.240039679259592
16	23	67	0.339467369916602
18	22	67	0.169733684958301
19	21	67	-0.240039679259592
20	20	67	0.293987366103667
23	15	67	0.092582009977255
25	14	67	-0.080178372573727
26	13	67	0.113389341902768
28	12	67	0.065465367070798
29	11	67	-0.092582009977255
30	10	67	0.113389341902768
32	9	67	-0.046291004988627
33	8	67	0.065465367070798
34	7	67	-0.080178372573727
35	6	67	0.092582009977255
2	35	68	-0.654653670707976
5	34	68	-0.133630620956212
6	33	68	0.094491118252306
7	32	68	-0.094491118252307
11	31	68	0.320713490294909
12	30	68	-0.261861468283192
13	29	68	0.261861468283190
14	28	68	0.185164019954510
15	27	68	-0.185164019954511
16	26	68	0.185164019954510
21	25	68	0.196396101212393
22	24	68	-0.170084012854153
23	23	68	0.170084012854152
24	22	68	0.138873014965882
25	21	68	-0.138873014965883
26	20	68	0.138873014965883
27	19	68	-0.098198050606196
28	18	68	0.098198050606197
29	17	68	-0.098198050606197
30	16	68	0.098198050606196
3	35	69	-0.654653670707977
6	34	69	-0.094491118252306
8	33	69	0.133630620956211
9	32	69	-0.094491118252307
12	31	69	0.185164019954510
14	30	69	-0.261861468283192
15	29	69	0.185164019954510
17	28	69	0.320713490294909
18	27	69	-0.261861468283191
19	26	69	0.185164019954510
22	25	69	0.098198050606196
24	24	69	-0.138873014965883
25	23	69	0.098198050606196
27	22	69	0.170084012854152
28	21	69	-0.138873014965883
29	20	69	0.098198050606196
31	19	69	-0.196396101212393
32	18	69	0.170084012854153
33	17	69	-0.138873014965883
34	16	69	0.098198050606196
4	35	70	-0.654653670707977
7	34	70	-0.094491118252306
9	33	70	0.094491118252306
10	32	70	-0.133630620956212
13	31	70	0.185164019954510
15	30	70	-0.185164019954511
16	29	70	0.261861468283191
18	28	70	0.185164019954510
19	27	70	-0.261861468283191
20	26	70	0.320713490294910
23	25	70	0.098198050606196
25	24	70	-0.098198050606197
26	23	70	0.138873014965883
28	22	70	0.098198050606196
29	21	70	-0.138873014965883
30	20	70	0.170084012854153
32	19	70	-0.098198050606196
33	18	70	0.138873014965883
34	17	70	-0.170084012854152
35	16	70	0.196396101212393
5	16	71	-0.447213595499956
11	6	71	0.547722557505168
12	2	71	-0.316227766016835
13	1	71	0.632455532033676
5	17	72	-0.447213595499956
11	7	72	0.547722557505168
12	3	72	-0.447213595499956
13	2	72	0.547722557505166
5	18	73	-0.447213595499955
11	8	73	0.547722557505168
12	4	73	-0.547722557505164
13	3	73	0.447213595499958
5	19	74	-0.447213595499955
11	9	74	0.547722557505168
12	5	74	-0.632455532033675
13	4	74	0.316227766016838
5	20	75	-0.365148371670109
6	17	75	-0.129099444873580
7	16	75	0.223606797749978
11	10	75	0.632455532033677
12	7	75	-0.129099444873580
13	6	75	0.223606797749978
14	3	75	-0.182574185835055
15	2	75	0.316227766016837
16	1	75	-0.447213595499958
5	21	76	-0.365148371670109
6	18	76	-0.182574185835054
7	17	76	0.182574185835055
11	11	76	0.632455532033677
12	8	76	-0.182574185835055
13	7	76	0.182574185835054
14	4	76	-0.316227766016838
15	3	76	0.365148371670110
16	2	76	-0.316227766016838
5	22	77	-0.365148371670109
6	19	77	-0.223606797749978
7	18	77	0.129099444873580
11	12	77	0.632455532033677
12	9	77	-0.223606797749978
13	8	77	0.129099444873580
14	5	77	-0.447213595499957
15	4	77	0.316227766016838
16	3	77	-0.182574185835055
5	23	78	-0.282842712474618
6	21	78	-0.188561808316412
7	20	78	0.266666666666666
8	18	78	-0.047140452079103
9	17	78	0.066666666666666
10	16	78	-0.081649658092772
11	13	78	0.600000000000001
12	11	78	0.066666666666667
13	10	78	-0.094280904158207
14	8	78	-0.233333333333333
15	7	78	0.329983164553722
16	6	78	-0.404145188432738
17	4	78	-0.100000000000000
18	3	78	0.141421356237310
19	2	78	-0.173205080756888
20	1	78	0.200000000000000
5	24	79	-0.282842712474618
6	22	79	-0.266666666666665
7	21	79	0.188561808316412
8	19	79	-0.081649658092772
9	18	79	0.066666666666666
10	17	79	-0.047140452079103
11	14	79	0.600000000000001
12	12	79	0.094280904158207
13	11	79	-0.066666666666667
14	9	79	-0.404145188432738
15	8	79	0.329983164553722
16	7	79	-0.233333333333333
17	5	79	-0.200000000000000
18	4	79	0.173205080756888
19	3	79	-0.141421356237310
20	2	79	0.100000000000000
5	25	80	-0.199999999999999
6	24	80	-0.244948974278317
7	23	80	0.244948974278317
8	22	80	-0.115470053837925
9	21	80	0.115470053837925
10	20	80	-0.115470053837925
11	15	80	0.489897948556636
12	14	80	0.282842712474619
13	13	80	-0.282842712474620
14	12	80	-0.230940107675850
15	11	80	0.230940107675850
16	10	80	-0.230940107675850
17	9	80	-0.244948974278318
18	8	80	0.244948974278318
19	7	80	-0.244948974278318
20	6	80	0.244948974278318
6	16	81	-0.447213595499956
12	6	81	0.447213595499960
14	2	81	-0.447213595499956
15	1	81	0.632455532033676
6	17	82	-0.387298334620740
7	16	82	-0.223606797749978
12	7	82	0.387298334620744
13	6	82	0.223606797749980
14	3	82	-0.547722557505165
15	2	82	0.316227766016838
16	1	82	0.447213595499958
6	18	83	-0.316227766016837
7	17	83	-0.316227766016836
12	8	83	0.316227766016840
13	7	83	0.316227766016840
14	4	83	-0.547722557505165
16	2	83	0.547722557505166
6	19	84	-0.223606797749978
7	18	84	-0.387298334620740
12	9	84	0.223606797749980
13	8	84	0.387298334620744
14	5	84	-0.447213595499958
15	4	84	-0.316227766016837
16	3	84	0.547722557505167
7	19	85	-0.447213595499955
13	9	85	0.447213595499961
15	5	85	-0.632455532033675
16	4	85	0.447213595499958
6	20	86	-0.408248290463862
8	17	86	-0.115470053837925
9	16	86	0.141421356237309
12	10	86	0.577350269189627
14	7	86	-0.326598632371090
15	6	86	0.400000000000000
17	3	86	-0.200000000000000
18	2	86	0.282842712474619
19	1	86	-0.282842712474619
6	21	87	-0.333333333333332
7	20	87	-0.235702260395515
8	18	87	-0.133333333333333
9	17	87	0.047140452079103
10	16	87	0.115470053837925
12	11	87	0.471404520791033
13	10	87	0.333333333333334
14	8	87	-0.377123616632825
15	7	87	0.133333333333334
16	6	87	0.326598632371090
17	4	87	-0.282842712474619
18	3	87	0.200000000000000
20	1	87	-0.282842712474619
6	22	88	-0.235702260395515
7	21	88	-0.333333333333332
8	19	88	-0.115470053837925
9	18	88	-0.047140452079103
10	17	88	0.133333333333333
12	12	88	0.333333333333334
13	11	88	0.471404520791033
14	9	88	-0.326598632371090
15	8	88	-0.133333333333333
16	7	88	0.377123616632825
17	5	88	-0.282842712474619
19	3	88	0.200000000000000
20	2	88	-0.282842712474619
7	22	89	-0.408248290463860
9	19	89	-0.141421356237309
10	18	89	0.115470053837925
13	12	89	0.577350269189628
15	9	89	-0.400000000000000
16	8	89	0.326598632371090
18	5	89	-0.282842712474619
19	4	89	0.282842712474619
20	3	89	-0.200000000000000
6	23	90	-0.365148371670109
8	21	90	-0.182574185835055
9	20	90	0.182574185835055
12	13	90	0.632455532033677
14	11	90	-0.182574185835055
15	10	90	0.182574185835055
17	8	90	-0.316227766016838
18	7	90	0.365148371670111
19	6	90	-0.316227766016838
6	24	91	-0.258198889747160
7	23	91	-0.258198889747160
8	22	91	-0.182574185835055
10	20	91	0.182574185835055
12	14	91	0.447213595499959
13	13	91	0.447213595499959
14	12	91	-0.182574185835055
16	10	91	0.182574185835055
17	9	91	-0.387298334620742
18	8	91	0.129099444873581
19	7	91	0.129099444873581
20	6	91	-0.387298334620742
7	24	92	-0.365148371670109
9	22	92	-0.182574185835054
10	21	92	0.182574185835055
13	14	92	0.632455532033677
15	12	92	-0.182574185835055
16	11	92	0.182574185835055
18	9	92	-0.316227766016838
19	8	92	0.365148371670111
20	7	92	-0.316227766016838
6	25	93	-0.316227766016837
8	24	93	-0.258198889747160
9	23	93	0.182574185835055
12	15	93	0.632455532033676
17	12	93	-0.447213595499958
18	11	93	0.365148371670111
19	10	93	-0.258198889747161
7	25	94	-0.316227766016837
9	24	94	-0.182574185835054
10	23	94	0.258198889747161
13	15	94	0.632455532033677
18	12	94	-0.258198889747161
19	11	94	0.365148371670111
20	10	94	-0.447213595499958
8	16	95	-0.447213595499957
14	6	95	0.316227766016839
17	2	95	-0.547722557505165
18	1	95	0.632455532033676
8	17	96	-0.346410161513775
9	16	96	-0.282842712474618
14	7	96	0.244948974278319
15	6	96	0.200000000000001
17	3	96	-0.600000000000000
18	2	96	0.141421356237310
19	1	96	0.565685424949238
8	18	97	-0.244948974278317
9	17	97	-0.346410161513775
10	16	97	-0.141421356237309
14	8	97	0.173205080756888
15	7	97	0.244948974278319
16	6	97	0.100000000000001
17	4	97	-0.519615242270663
18	3	97	-0.244948974278318
19	2	97	0.500000000000000
20	1	97	0.346410161513776
8	19	98	-0.141421356237309
9	18	98	-0.346410161513775
10	17	98	-0.244948974278317
14	9	98	0.100000000000000
15	8	98	0.244948974278319
16	7	98	0.173205080756889
17	5	98	-0.346410161513776
18	4	98	-0.500000000000000
19	3	98	0.244948974278318
20	2	98	0.519615242270663
9	19	99	-0.282842712474618
10	18	99	-0.346410161513774
15	9	99	0.200000000000001
16	8	99	0.244948974278319
18	5	99	-0.565685424949238
19	4	99	-0.141421356237309
20	3	99	0.600000000000001
10	19	100	-0.447213595499956
16	9	100	0.316227766016840
19	5	100	-0.632455532033676
20	4	100	0.547722557505167
8	20	101	-0.447213595499958
14	10	101	0.447213595499959
17	7	101	-0.547722557505167
18	6	101	0.547722557505167
8	21	102	-0.316227766016838
9	20	102	-0.316227766016838
14	11	102	0.316227766016838
15	10	102	0.316227766016839
17	8	102	-0.547722557505167
19	6	102	0.547722557505167
8	22	103	-0.182574185835055
9	21	103	-0.365148371670110
10	20	103	-0.182574185835055
14	12	103	0.182574185835055
15	11	103	0.365148371670111
16	10	103	0.182574185835056
17	9	103	-0.387298334620742
18	8	103	-0.387298334620742
19	7	103	0.387298334620742
20	6	103	0.387298334620742
9	22	104	-0.316227766016837
10	21	104	-0.316227766016837
15	12	104	0.316227766016838
16	11	104	0.316227766016839
18	9	104	-0.547722557505167
20	7	104	0.547722557505167
10	22	105	-0.447213595499957
16	12	105	0.447213595499959
19	9	105	-0.547722557505167
20	8	105	0.547722557505167
8	23	106	-0.447213595499957
14	13	106	0.547722557505167
17	11	106	-0.547722557505167
18	10	106	0.447213595499958
8	24	107	-0.258198889747161
9	23	107	-0.365148371670110
14	14	107	0.316227766016838
15	13	107	0.447213595499958
17	12	107	-0.447213595499958
18	11	107	-0.182574185835056
19	10	107	0.516397779494323
9	24	108	-0.365148371670110
10	23	108	-0.258198889747161
15	14	108	0.447213595499958
16	13	108	0.316227766016838
18	12	108	-0.516397779494323
19	11	108	0.182574185835055
20	10	108	0.447213595499958
10	24	109	-0.447213595499957
16	14	109	0.547722557505167
19	12	109	-0.447213595499958
20	11	109	0.547722557505166
8	25	110	-0.447213595499957
14	15	110	0.632455532033676
17	14	110	-0.547722557505166
18	13	110	0.316227766016838
9	25	111	-0.447213595499957
15	15	111	0.632455532033676
18	14	111	-0.447213595499958
19	13	111	0.447213595499958
10	25	112	-0.447213595499957
16	15	112	0.632455532033676
19	14	112	-0.316227766016838
20	13	112	0.547722557505166
5	26	113	-0.591607978309960
11	20	113	0.439155032826840
12	17	113	-0.253546276418554
13	16	113	0.439155032826840
21	10	113	0.207019667802706
22	7	113	-0.146385010942280
23	6	113	0.253546276418555
24	3	113	0.084515425472851
25	2	113	-0.146385010942280
26	1	113	0.207019667802706
5	27	114	-0.591607978309960
11	21	114	0.439155032826841
12	18	114	-0.358568582800317
13	17	114	0.358568582800319
21	11	114	0.207019667802707
22	8	114	-0.207019667802706
23	7	114	0.207019667802707
24	4	114	0.146385010942279
25	3	114	-0.169030850945703
26	2	114	0.146385010942280
5	28	115	-0.591607978309960
11	22	115	0.439155032826841
12	19	115	-0.439155032826839
13	18	115	0.253546276418555
21	12	115	0.207019667802707
22	9	115	-0.253546276418555
23	8	115	0.146385010942280
24	5	115	0.207019667802706
25	4	115	-0.146385010942280
26	3	115	0.084515425472852
5	29	116	-0.458257569495583
6	27	116	-0.216024689946928
7	26	116	0.305505046330389
11	23	116	0.481070235442365
12	21	116	-0.065465367070797
13	20	116	0.092582009977255
14	18	116	-0.185164019954510
15	17	116	0.261861468283191
16	16	116	-0.320713490294909
21	13	116	0.277746029931766
22	11	116	-0.106904496764970
23	10	116	0.151185789203691
24	8	116	-0.021821789023599
25	7	116	0.030860669992419
26	6	116	-0.037796447300923
27	4	116	0.092582009977255
28	3	116	-0.130930734141596
29	2	116	0.160356745147455
30	1	116	-0.185164019954510
5	30	117	-0.458257569495583
6	28	117	-0.305505046330388
7	27	117	0.216024689946928
11	24	117	0.481070235442364
12	22	117	-0.092582009977255
13	21	117	0.065465367070798
14	19	117	-0.320713490294909
15	18	117	0.261861468283191
16	17	117	-0.185164019954510
21	14	117	0.277746029931766
22	12	117	-0.151185789203691
23	11	117	0.106904496764970
24	9	117	-0.037796447300923
25	8	117	0.030860669992419
26	7	117	-0.021821789023599
27	5	117	0.185164019954510
28	4	117	-0.160356745147454
29	3	117	0.130930734141595
30	2	117	-0.092582009977255
5	31	118	-0.324037034920392
6	30	118	-0.324037034920392
7	29	118	0.324037034920393
8	28	118	-0.108012344973464
9	27	118	0.108012344973464
10	26	118	-0.108012344973464
11	25	118	0.416619044897648
12	24	118	0.138873014965883
13	23	118	-0.138873014965883
14	22	118	-0.231455024943138
15	21	118	0.231455024943138
16	20	118	-0.231455024943138
17	19	118	-0.138873014965883
18	18	118	0.138873014965883
19	17	118	-0.138873014965883
20	16	118	0.138873014965883
21	15	118	0.277746029931766
24	12	118	-0.123442679969673
25	11	118	0.123442679969674
26	10	118	-0.123442679969674
27	9	118	0.092582009977255
28	8	118	-0.092582009977255
29	7	118	0.092582009977255
30	6	118	-0.092582009977255
31	5	118	0.092582009977255
32	4	118	-0.092582009977255
33	3	118	0.092582009977255
34	2	118	-0.092582009977255
35	1	118	0.092582009977255
6	26	119	-0.591607978309961
12	20	119	0.358568582800318
14	17	119	-0.358568582800318
15	16	119	0.439155032826840
22	10	119	0.146385010942280
24	7	119	-0.169030850945704
25	6	119	0.207019667802706
27	3	119	0.146385010942280
28	2	119	-0.207019667802706
29	1	119	0.207019667802706
6	27	120	-0.483045891539648
7	26	120	-0.341565025531986
12	21	120	0.292770021884560
13	20	120	0.207019667802707
14	18	120	-0.414039335605413
15	17	120	0.146385010942280
16	16	120	0.358568582800319
22	11	120	0.119522860933439
23	10	120	0.084515425472852
24	8	120	-0.195180014589708
25	7	120	0.069006555934235
26	6	120	0.169030850945703
27	4	120	0.207019667802706
28	3	120	-0.146385010942280
30	1	120	0.207019667802706
6	28	121	-0.341565025531986
7	27	121	-0.483045891539647
12	22	121	0.207019667802706
13	21	121	0.292770021884560
14	19	121	-0.358568582800318
15	18	121	-0.146385010942280
16	17	121	0.414039335605413
22	12	121	0.084515425472852
23	11	121	0.119522860933439
24	9	121	-0.169030850945704
25	8	121	-0.069006555934236
26	7	121	0.195180014589707
27	5	121	0.207019667802706
29	3	121	-0.146385010942280
30	2	121	0.207019667802706
7	28	122	-0.591607978309961
13	22	122	0.358568582800319
15	19	122	-0.439155032826840
16	18	122	0.358568582800319
23	12	122	0.146385010942281
25	9	122	-0.207019667802707
26	8	122	0.169030850945704
28	5	122	0.207019667802706
29	4	122	-0.207019667802706
30	3	122	0.146385010942280
6	29	123	-0.529150262212918
8	27	123	-0.187082869338697
9	26	123	0.187082869338697
12	23	123	0.453557367611073
14	21	123	-0.240535117721182
15	20	123	0.240535117721182
17	18	123	-0.196396101212393
18	17	123	0.226778683805537
19	16	123	-0.196396101212393
22	13	123	0.226778683805536
24	11	123	-0.187082869338697
25	10	123	0.187082869338697
27	8	123	0.065465367070797
28	7	123	-0.075592894601846
29	6	123	0.065465367070798
31	4	123	0.113389341902768
32	3	123	-0.138873014965883
33	2	123	0.138873014965883
34	1	123	-0.113389341902768
6	30	124	-0.374165738677394
7	29	124	-0.374165738677394
8	28	124	-0.187082869338697
10	26	124	0.187082869338697
12	24	124	0.320713490294910
13	23	124	0.320713490294910
14	22	124	-0.240535117721182
16	20	124	0.240535117721182
17	19	124	-0.240535117721182
18	18	124	0.080178372573727
19	17	124	0.080178372573728
20	16	124	-0.240535117721182
22	14	124	0.160356745147455
23	13	124	0.160356745147455
24	12	124	-0.187082869338697
26	10	124	0.187082869338697
27	9	124	0.080178372573727
28	8	124	-0.026726124191243
29	7	124	-0.026726124191242
30	6	124	0.080178372573727
31	5	124	0.160356745147455
32	4	124	-0.080178372573727
34	2	124	0.080178372573727
35	1	124	-0.160356745147455
7	30	125	-0.529150262212917
9	28	125	-0.187082869338696
10	27	125	0.187082869338697
13	24	125	0.453557367611073
15	22	125	-0.240535117721182
16	21	125	0.240535117721182
18	19	125	-0.196396101212393
19	18	125	0.226778683805537
20	17	125	-0.196396101212393
23	14	125	0.226778683805537
25	12	125	-0.187082869338697
26	11	125	0.187082869338697
28	9	125	0.065465367070797
29	8	125	-0.075592894601845
30	7	125	0.065465367070798
32	5	125	0.113389341902768
33	4	125	-0.138873014965883
34	3	125	0.138873014965883
35	2	125	-0.113389341902768
6	31	126	-0.458257569495583
8	30	126	-0.305505046330389
9	29	126	0.216024689946929
12	25	126	0.481070235442364
14	24	126	-0.092582009977255
15	23	126	0.065465367070798
17	22	126	-0.320713490294910
18	21	126	0.261861468283191
19	20	126	-0.185164019954510
22	15	126	0.277746029931765
24	14	126	-0.151185789203691
25	13	126	0.106904496764970
27	12	126	-0.037796447300923
28	11	126	0.030860669992419
29	10	126	-0.021821789023599
31	9	126	0.185164019954510
32	8	126	-0.160356745147455
33	7	126	0.130930734141595
34	6	126	-0.092582009977255
7	31	127	-0.458257569495583
9	30	127	-0.216024689946928
10	29	127	0.305505046330389
13	25	127	0.481070235442364
15	24	127	-0.065465367070798
16	23	127	0.092582009977255
18	22	127	-0.185164019954510
19	21	127	0.261861468283191
20	20	127	-0.320713490294910
23	15	127	0.277746029931766
25	14	127	-0.106904496764970
26	13	127	0.151185789203691
28	12	127	-0.021821789023599
29	11	127	0.030860669992419
30	10	127	-0.037796447300923
32	9	127	0.092582009977255
33	8	127	-0.130930734141595
34	7	127	0.160356745147455
35	6	127	-0.185164019954510
8	26	128	-0.591607978309961
14	20	128	0.253546276418555
17	17	128	-0.439155032826840
18	16	128	0.439155032826840
24	10	128	0.084515425472851
27	7	128	-0.146385010942280
28	6	128	0.146385010942280
31	3	128	0.207019667802706
32	2	128	-0.253546276418555
33	1	128	0.207019667802706
8	27	129	-0.418330013267038
9	26	129	-0.418330013267037
14	21	129	0.179284291400159
15	20	129	0.179284291400159
17	18	129	-0.439155032826840
19	16	129	0.439155032826840
24	11	129	0.059761430466719
25	10	129	0.059761430466719
27	8	129	-0.146385010942280
29	6	129	0.146385010942280
31	4	129	0.253546276418555
32	3	129	-0.103509833901353
33	2	129	-0.103509833901353
34	1	129	0.253546276418555
8	28	130	-0.241522945769824
9	27	130	-0.483045891539648
10	26	130	-0.241522945769824
14	22	130	0.103509833901353
15	21	130	0.207019667802706
16	20	130	0.103509833901353
17	19	130	-0.310529501704060
18	18	130	-0.310529501704060
19	17	130	0.310529501704060
20	16	130	0.310529501704060
24	12	130	0.034503277967117
25	11	130	0.069006555934235
26	10	130	0.034503277967117
27	9	130	-0.103509833901353
28	8	130	-0.103509833901353
29	7	130	0.103509833901353
30	6	130	0.103509833901353
31	5	130	0.207019667802706
32	4	130	0.103509833901353
33	3	130	-0.207019667802706
34	2	130	0.103509833901353
35	1	130	0.207019667802706
9	28	131	-0.418330013267038
10	27	131	-0.418330013267037
15	22	131	0.179284291400159
16	21	131	0.179284291400159
18	19	131	-0.439155032826841
20	17	131	0.439155032826840
25	12	131	0.059761430466719
26	11	131	0.059761430466719
28	9	131	-0.146385010942280
30	7	131	0.146385010942280
32	5	131	0.253546276418555
33	4	131	-0.103509833901353
34	3	131	-0.103509833901353
35	2	131	0.253546276418555
10	28	132	-0.591607978309961
16	22	132	0.253546276418555
19	19	132	-0.439155032826841
20	18	132	0.439155032826840
26	12	132	0.084515425472851
29	9	132	-0.146385010942280
30	8	132	0.146385010942280
33	5	132	0.207019667802706
34	4	132	-0.253546276418555
35	3	132	0.207019667802706
8	29	133	-0.591607978309961
14	23	133	0.358568582800318
17	21	133	-0.439155032826841
18	20	133	0.358568582800318
24	13	133	0.146385010942280
27	11	133	-0.207019667802707
28	10	133	0.169030850945703
31	8	133	0.207019667802707
32	7	133	-0.207019667802706
33	6	133	0.146385010942280
8	30	134	-0.341565025531987
9	29	134	-0.483045891539648
14	24	134	0.207019667802706
15	23	134	0.292770021884560
17	22	134	-0.358568582800319
18	21	134	-0.146385010942281
19	20	134	0.414039335605413
24	14	134	0.084515425472851
25	13	134	0.119522860933439
27	12	134	-0.169030850945704
28	11	134	-0.069006555934236
29	10	134	0.195180014589707
31	9	134	0.207019667802706
33	7	134	-0.146385010942280
34	6	134	0.207019667802706
9	30	135	-0.483045891539648
10	29	135	-0.341565025531986
15	24	135	0.292770021884560
16	23	135	0.207019667802706
18	22	135	-0.414039335605413
19	21	135	0.146385010942280
20	20	135	0.358568582800318
25	14	135	0.119522860933439
26	13	135	0.084515425472852
28	12	135	-0.195180014589707
29	11	135	0.069006555934235
30	10	135	0.169030850945703
32	9	135	0.207019667802706
33	8	135	-0.146385010942280
35	6	135	0.207019667802706
10	30	136	-0.591607978309961
16	24	136	0.358568582800318
19	22	136	-0.358568582800319
20	21	136	0.439155032826840
26	14	136	0.146385010942280
29	12	136	-0.169030850945704
30	11	136	0.207019667802706
33	9	136	0.146385010942280
34	8	136	-0.207019667802706
35	7	136	0.207019667802706
8	31	137	-0.591607978309961
14	25	137	0.439155032826840
17	24	137	-0.439155032826840
18	23	137	0.253546276418555
24	15	137	0.207019667802706
27	14	137	-0.253546276418555
28	13	137	0.146385010942280
31	12	137	0.207019667802706
32	11	137	-0.146385010942280
33	10	137	0.084515425472852
9	31	138	-0.591607978309961
15	25	138	0.439155032826840
18	24	138	-0.358568582800319
19	23	138	0.358568582800318
25	15	138	0.207019667802706
28	14	138	-0.207019667802706
29	13	138	0.207019667802706
32	12	138	0.146385010942280
33	11	138	-0.169030850945703
34	10	138	0.146385010942280
10	31	139	-0.591607978309961
16	25	139	0.439155032826840
19	24	139	-0.253546276418555
20	23	139	0.439155032826840
26	15	139	0.207019667802706
29	14	139	-0.146385010942280
30	13	139	0.253546276418555
33	12	139	0.084515425472852
34	11	139	-0.146385010942280
35	10	139	0.207019667802706
5	32	140	-0.670820393249937
11	29	140	0.316227766016838
12	27	140	-0.182574185835055
13	26	140	0.258198889747161
21	23	140	0.316227766016838
22	21	140	-0.223606797749979
23	20	140	0.316227766016838
24	18	140	0.129099444873580
25	17	140	-0.182574185835055
26	16	140	0.223606797749979
5	33	141	-0.670820393249936
11	30	141	0.316227766016838
12	28	141	-0.258198889747161
13	27	141	0.182574185835055
21	24	141	0.316227766016838
22	22	141	-0.316227766016838
23	21	141	0.223606797749979
24	19	141	0.223606797749978
25	18	141	-0.182574185835055
26	17	141	0.129099444873581
5	34	142	-0.474341649025256
6	33	142	-0.335410196624968
7	32	142	0.335410196624969
11	31	142	0.316227766016838
14	28	142	-0.182574185835055
15	27	142	0.182574185835055
16	26	142	-0.182574185835056
21	25	142	0.387298334620742
22	24	142	-0.111803398874989
23	23	142	0.111803398874989
24	22	142	-0.091287092917528
25	21	142	0.091287092917528
26	20	142	-0.091287092917528
27	19	142	0.193649167310370
28	18	142	-0.193649167310371
29	17	142	0.193649167310371
30	16	142	-0.193649167310371
6	32	143	-0.670820393249937
12	29	143	0.258198889747161
14	27	143	-0.258198889747161
15	26	143	0.258198889747161
22	23	143	0.223606797749979
24	21	143	-0.258198889747162
25	20	143	0.258198889747161
27	18	143	0.223606797749978
28	17	143	-0.258198889747161
29	16	143	0.223606797749979
6	33	144	-0.474341649025257
7	32	144	-0.474341649025257
12	30	144	0.182574185835055
13	29	144	0.182574185835055
14	28	144	-0.258198889747161
16	26	144	0.258198889747161
22	24	144	0.158113883008419
23	23	144	0.158113883008419
24	22	144	-0.258198889747162
26	20	144	0.258198889747161
27	19	144	0.273861278752583
28	18	144	-0.091287092917528
29	17	144	-0.091287092917528
30	16	144	0.273861278752583
7	33	145	-0.670820393249937
13	30	145	0.258198889747161
15	28	145	-0.258198889747161
16	27	145	0.258198889747162
23	24	145	0.223606797749979
25	22	145	-0.258198889747162
26	21	145	0.258198889747161
28	19	145	0.223606797749979
29	18	145	-0.258198889747161
30	17	145	0.223606797749979
6	34	146	-0.580947501931112
8	33	146	-0.273861278752583
9	32	146	0.193649167310371
12	31	146	0.316227766016838
14	30	146	-0.149071198499986
15	29	146	0.105409255338946
17	28	146	-0.182574185835056
18	27	146	0.149071198499986
19	26	146	-0.105409255338946
22	25	146	0.335410196624968
24	24	146	-0.263523138347365
25	23	146	0.186338998124982
27	22	146	0.064549722436790
28	21	146	-0.052704627669473
29	20	146	0.037267799624997
31	19	146	0.223606797749979
32	18	146	-0.193649167310371
33	17	146	0.158113883008419
34	16	146	-0.111803398874989
7	34	147	-0.580947501931112
9	33	147	-0.193649167310370
10	32	147	0.273861278752583
13	31	147	0.316227766016838
15	30	147	-0.105409255338946
16	29	147	0.149071198499986
18	28	147	-0.105409255338946
19	27	147	0.149071198499986
20	26	147	-0.182574185835056
23	25	147	0.335410196624968
25	24	147	-0.186338998124983
26	23	147	0.263523138347365
28	22	147	0.037267799624996
29	21	147	-0.052704627669473
30	20	147	0.064549722436790
32	19	147	0.111803398874989
33	18	147	-0.158113883008419
34	17	147	0.193649167310371
35	16	147	-0.223606797749979
8	32	148	-0.670820393249937
14	29	148	0.182574185835055
17	27	148	-0.316227766016838
18	26	148	0.258198889747161
24	23	148	0.129099444873581
27	21	148	-0.223606797749980
28	20	148	0.182574185835055
31	18	148	0.316227766016838
32	17	148	-0.316227766016838
33	16	148	0.223606797749979
8	33	149	-0.387298334620742
9	32	149	-0.547722557505166
14	30	149	0.105409255338946
15	29	149	0.149071198499986
17	28	149	-0.258198889747161
18	27	149	-0.105409255338946
19	26	149	0.298142396999972
24	24	149	0.074535599249993
25	23	149	0.105409255338946
27	22	149	-0.182574185835056
28	21	149	-0.074535599249994
29	20	149	0.210818510677892
31	19	149	0.316227766016838
33	17	149	-0.223606797749979
34	16	149	0.316227766016838
9	33	150	-0.547722557505166
10	32	150	-0.387298334620741
15	30	150	0.149071198499986
16	29	150	0.105409255338946
18	28	150	-0.298142396999972
19	27	150	0.105409255338946
20	26	150	0.258198889747161
25	24	150	0.105409255338946
26	23	150	0.074535599249993
28	22	150	-0.210818510677892
29	21	150	0.074535599249993
30	20	150	0.182574185835055
32	19	150	0.316227766016838
33	18	150	-0.223606797749979
35	16	150	0.316227766016838
10	33	151	-0.670820393249936
16	30	151	0.182574185835055
19	28	151	-0.258198889747161
20	27	151	0.316227766016838
26	24	151	0.129099444873580
29	22	151	-0.182574185835056
30	21	151	0.223606797749979
33	19	151	0.223606797749979
34	18	151	-0.316227766016838
35	17	151	0.316227766016838
8	34	152	-0.670820393249936
14	31	152	0.258198889747161
17	30	152	-0.316227766016838
18	29	152	0.182574185835055
24	25	152	0.223606797749979
27	24	152	-0.316227766016838
28	23	152	0.182574185835055
31	22	152	0.316227766016838
32	21	152	-0.223606797749979
33	20	152	0.129099444873580
9	34	153	-0.670820393249936
15	31	153	0.258198889747161
18	30	153	-0.258198889747162
19	29	153	0.258198889747161
25	25	153	0.223606797749979
28	24	153	-0.258198889747161
29	23	153	0.258198889747161
32	22	153	0.223606797749979
33	21	153	-0.258198889747161
34	20	153	0.223606797749979
10	34	154	-0.670820393249936
16	31	154	0.258198889747161
19	30	154	-0.182574185835056
20	29	154	0.316227766016838
26	25	154	0.223606797749979
29	24	154	-0.182574185835056
30	23	154	0.316227766016838
33	22	154	0.129099444873581
34	21	154	-0.223606797749979
35	20	154	0.316227766016838
5	35	155	-0.707106781186547
11	34	155	0.173205080756888
12	33	155	-0.100000000000001
13	32	155	0.100000000000000
21	31	155	0.424264068711928
22	30	155	-0.300000000000001
23	29	155	0.300000000000000
24	28	155	0.173205080756887
25	27	155	-0.173205080756888
26	26	155	0.173205080756888
6	35	156	-0.707106781186547
12	34	156	0.141421356237310
14	33	156	-0.141421356237310
15	32	156	0.100000000000000
22	31	156	0.300000000000000
24	30	156	-0.346410161513776
25	29	156	0.244948974278318
27	28	156	0.299999999999999
28	27	156	-0.244948974278318
29	26	156	0.173205080756888
7	35	157	-0.707106781186547
13	34	157	0.141421356237310
15	33	157	-0.100000000000000
16	32	157	0.141421356237310
23	31	157	0.300000000000000
25	30	157	-0.244948974278318
26	29	157	0.346410161513776
28	28	157	0.173205080756887
29	27	157	-0.244948974278318
30	26	157	0.300000000000000
8	35	158	-0.707106781186547
14	34	158	0.100000000000000
17	33	158	-0.173205080756888
18	32	158	0.100000000000000
24	31	158	0.173205080756887
27	30	158	-0.300000000000000
28	29	158	0.173205080756887
31	28	158	0.424264068711928
32	27	158	-0.300000000000000
33	26	158	0.173205080756888
9	35	159	-0.707106781186547
15	34	159	0.100000000000000
18	33	159	-0.141421356237310
19	32	159	0.141421356237310
25	31	159	0.173205080756887
28	30	159	-0.244948974278318
29	29	159	0.244948974278318
32	28	159	0.300000000000000
33	27	159	-0.346410161513776
34	26	159	0.300000000000000
10	35	160	-0.707106781186547
16	34	160	0.100000000000000
19	33	160	-0.100000000000000
20	32	160	0.173205080756888
26	31	160	0.173205080756888
29	30	160	-0.173205080756888
30	29	160	0.300000000000000
33	28	160	0.173205080756888
34	27	160	-0.300000000000000
35	26	160	0.424264068711929
11	16	161	-0.316227766016837
21	6	161	0.632455532033677
22	2	161	-0.316227766016835
23	1	161	0.632455532033676
11	17	162	-0.316227766016836
21	7	162	0.632455532033677
22	3	162	-0.447213595499956
23	2	162	0.547722557505166
11	18	163	-0.316227766016836
21	8	163	0.632455532033676
22	4	163	-0.547722557505165
23	3	163	0.447213595499958
11	19	164	-0.316227766016836
21	9	164	0.632455532033676
22	5	164	-0.632455532033675
23	4	164	0.316227766016838
11	20	165	-0.239045721866878
12	17	165	-0.103509833901352
13	16	165	0.179284291400159
21	10	165	0.676123403782814
22	7	165	-0.059761430466719
23	6	165	0.103509833901353
24	3	165	-0.207019667802706
25	2	165	0.358568582800318
26	1	165	-0.507092552837110
11	21	166	-0.239045721866878
12	18	166	-0.146385010942279
13	17	166	0.146385010942280
21	11	166	0.676123403782814
22	8	166	-0.084515425472852
23	7	166	0.084515425472851
24	4	166	-0.358568582800318
25	3	166	0.414039335605412
26	2	166	-0.358568582800318
11	22	167	-0.239045721866877
12	19	167	-0.179284291400158
13	18	167	0.103509833901353
21	12	167	0.676123403782813
22	9	167	-0.103509833901353
23	8	167	0.059761430466719
24	5	167	-0.507092552837109
25	4	167	0.358568582800318
26	3	167	-0.207019667802707
11	23	168	-0.169030850945703
12	21	168	-0.138013111868470
13	20	168	0.195180014589706
14	18	168	-0.048795003647426
15	17	168	0.069006555934235
16	16	168	-0.084515425472851
21	13	168	0.585540043769120
22	11	168	0.169030850945703
23	10	168	-0.239045721866879
24	8	168	-0.207019667802706
25	7	168	0.292770021884560
26	6	168	-0.358568582800318
27	4	168	-0.146385010942280
28	3	168	0.207019667802706
29	2	168	-0.253546276418555
30	1	168	0.292770021884560
11	24	169	-0.169030850945702
12	22	169	-0.195180014589706
13	21	169	0.138013111868470
14	19	169	-0.084515425472851
15	18	169	0.069006555934235
16	17	169	-0.048795003647427
21	14	169	0.585540043769120
22	12	169	0.239045721866878
23	11	169	-0.169030850945704
24	9	169	-0.358568582800318
25	8	169	0.292770021884559
26	7	169	-0.207019667802706
27	5	169	-0.292770021884560
28	4	169	0.253546276418555
29	3	169	-0.207019667802706
30	2	169	0.146385010942280
11	25	170	-0.106904496764969
12	24	170	-0.160356745147454
13	23	170	0.160356745147454
14	22	170	-0.106904496764969
15	21	170	0.106904496764969
16	20	170	-0.106904496764969
17	19	170	-0.026726124191242
18	18	170	0.026726124191242
19	17	170	-0.026726124191242
20	16	170	0.026726124191242
21	15	170	0.427617987059879
22	14	170	0.374165738677394
23	13	170	-0.374165738677395
24	12	170	-0.106904496764970
25	11	170	0.106904496764969
26	10	170	-0.106904496764970
27	9	170	-0.293987366103666
28	8	170	0.293987366103667
29	7	170	-0.293987366103667
30	6	170	0.293987366103667
31	5	170	-0.106904496764969
32	4	170	0.106904496764970
33	3	170	-0.106904496764970
34	2	170	0.106904496764970
35	1	170	-0.106904496764970
12	16	171	-0.316227766016837
22	6	171	0.547722557505167
24	2	171	-0.447213595499956
25	1	171	0.632455532033676
12	17	172	-0.273861278752582
13	16	172	-0.158113883008418
22	7	172	0.474341649025258
23	6	172	0.273861278752584
24	3	172	-0.547722557505165
25	2	172	0.316227766016838
26	1	172	0.447213595499958
12	18	173	-0.223606797749978
13	17	173	-0.223606797749978
22	8	173	0.387298334620743
23	7	173	0.387298334620743
24	4	173	-0.547722557505165
26	2	173	0.547722557505167
12	19	174	-0.158113883008418
13	18	174	-0.273861278752582
22	9	174	0.273861278752584
23	8	174	0.474341649025258
24	5	174	-0.447213595499957
25	4	174	-0.316227766016837
26	3	174	0.547722557505167
13	19	175	-0.316227766016836
23	9	175	0.547722557505167
25	5	175	-0.632455532033675
26	4	175	0.447213595499958
12	20	176	-0.267261241912424
14	17	176	-0.106904496764969
15	16	176	0.130930734141595
22	10	176	0.654653670707978
24	7	176	-0.226778683805536
25	6	176	0.277746029931766
27	3	176	-0.261861468283191
28	2	176	0.370328039909021
29	1	176	-0.370328039909021
12	21	177	-0.218217890235992
13	20	177	-0.154303349962091
14	18	177	-0.123442679969673
15	17	177	0.043643578047199
16	16	177	0.106904496764969
22	11	177	0.534522483824850
23	10	177	0.377964473009228
24	8	177	-0.261861468283190
25	7	177	0.092582009977256
26	6	177	0.226778683805536
27	4	177	-0.370328039909021
28	3	177	0.261861468283191
30	1	177	-0.370328039909021
12	22	178	-0.154303349962091
13	21	178	-0.218217890235991
14	19	178	-0.106904496764969
15	18	178	-0.043643578047198
16	17	178	0.123442679969673
22	12	178	0.377964473009228
23	11	178	0.534522483824849
24	9	178	-0.226778683805536
25	8	178	-0.092582009977254
26	7	178	0.261861468283191
27	5	178	-0.370328039909020
29	3	178	0.261861468283191
30	2	178	-0.370328039909021
13	22	179	-0.267261241912423
15	19	179	-0.130930734141594
16	18	179	0.106904496764969
23	12	179	0.654653670707978
25	9	179	-0.277746029931765
26	8	179	0.226778683805536
28	5	179	-0.370328039909020
29	4	179	0.370328039909020
30	3	179	-0.261861468283191
12	23	180	-0.218217890235992
14	21	180	-0.154303349962091
15	20	180	0.154303349962092
17	18	180	-0.037796447300922
18	17	180	0.043643578047199
19	16	180	-0.037796447300923
22	13	180	0.654653670707978
27	8	180	-0.340168025708304
28	7	180	0.392792202424787
29	6	180	-0.340168025708305
31	4	180	-0.130930734141596
32	3	180	0.160356745147455
33	2	180	-0.160356745147455
34	1	180	0.130930734141595
12	24	181	-0.154303349962091
13	23	181	-0.154303349962091
14	22	181	-0.154303349962091
16	20	181	0.154303349962091
17	19	181	-0.046291004988627
18	18	181	0.015430334996209
19	17	181	0.015430334996209
20	16	181	-0.046291004988627
22	14	181	0.462910049886276
23	13	181	0.462910049886276
27	9	181	-0.416619044897648
28	8	181	0.138873014965883
29	7	181	0.138873014965883
30	6	181	-0.416619044897648
31	5	181	-0.185164019954510
32	4	181	0.092582009977255
34	2	181	-0.092582009977255
35	1	181	0.185164019954510
13	24	182	-0.218217890235991
15	22	182	-0.154303349962091
16	21	182	0.154303349962091
18	19	182	-0.037796447300922
19	18	182	0.043643578047198
20	17	182	-0.037796447300923
23	14	182	0.654653670707977
28	9	182	-0.340168025708304
29	8	182	0.392792202424786
30	7	182	-0.340168025708305
32	5	182	-0.130930734141595
33	4	182	0.160356745147455
34	3	182	-0.160356745147455
35	2	182	0.130930734141595
12	25	183	-0.169030850945703
14	24	183	-0.195180014589706
15	23	183	0.138013111868471
17	22	183	-0.084515425472851
18	21	183	0.069006555934235
19	20	183	-0.048795003647427
22	15	183	0.585540043769120
24	14	183	0.239045721866879
25	13	183	-0.169030850945704
27	12	183	-0.358568582800318
28	11	183	0.292770021884560
29	10	183	-0.207019667802707
31	9	183	-0.292770021884559
32	8	183	0.253546276418555
33	7	183	-0.207019667802706
34	6	183	0.146385010942280
13	25	184	-0.169030850945703
15	24	184	-0.138013111868470
16	23	184	0.195180014589706
18	22	184	-0.048795003647426
19	21	184	0.069006555934235
20	20	184	-0.084515425472851
23	15	184	0.585540043769120
25	14	184	0.169030850945703
26	13	184	-0.239045721866879
28	12	184	-0.207019667802706
29	11	184	0.292770021884560
30	10	184	-0.358568582800318
32	9	184	-0.146385010942279
33	8	184	0.207019667802706
34	7	184	-0.253546276418555
35	6	184	0.292770021884560
14	16	185	-0.316227766016837
24	6	185	0.447213595499958
27	2	185	-0.547722557505165
28	1	185	0.632455532033676
14	17	186	-0.244948974278317
15	16	186	-0.199999999999999
24	7	186	0.346410161513776
25	6	186	0.282842712474619
27	3	186	-0.600000000000000
28	2	186	0.141421356237310
29	1	186	0.565685424949238
14	18	187	-0.173205080756887
15	17	187	-0.244948974278317
16	16	187	-0.100000000000000
24	8	187	0.244948974278318
25	7	187	0.346410161513776
26	6	187	0.141421356237310
27	4	187	-0.519615242270663
28	3	187	-0.244948974278317
29	2	187	0.500000000000000
30	1	187	0.346410161513776
14	19	188	-0.100000000000000
15	18	188	-0.244948974278317
16	17	188	-0.173205080756887
24	9	188	0.141421356237310
25	8	188	0.346410161513776
26	7	188	0.244948974278318
27	5	188	-0.346410161513775
28	4	188	-0.500000000000000
29	3	188	0.244948974278318
30	2	188	0.519615242270663
15	19	189	-0.199999999999999
16	18	189	-0.244948974278317
25	9	189	0.282842712474620
26	8	189	0.346410161513776
28	5	189	-0.565685424949238
29	4	189	-0.141421356237309
30	3	189	0.600000000000000
16	19	190	-0.316227766016836
26	9	190	0.447213595499959
29	5	190	-0.632455532033675
30	4	190	0.547722557505166
14	20	191	-0.292770021884559
17	17	191	-0.084515425472851
18	16	191	0.084515425472851
24	10	191	0.585540043769120
27	7	191	-0.422577127364258
28	6	191	0.422577127364258
31	3	191	-0.239045721866879
32	2	191	0.292770021884560
33	1	191	-0.239045721866879
14	21	192	-0.207019667802706
15	20	192	-0.207019667802706
17	18	192	-0.084515425472851
19	16	192	0.084515425472851
24	11	192	0.414039335605413
25	10	192	0.414039335605413
27	8	192	-0.422577127364258
29	6	192	0.422577127364258
31	4	192	-0.292770021884560
32	3	192	0.119522860933440
33	2	192	0.119522860933439
34	1	192	-0.292770021884560
14	22	193	-0.119522860933439
15	21	193	-0.239045721866878
16	20	193	-0.119522860933439
17	19	193	-0.059761430466719
18	18	193	-0.059761430466719
19	17	193	0.059761430466720
20	16	193	0.059761430466720
24	12	193	0.239045721866879
25	11	193	0.478091443733758
26	10	193	0.239045721866879
27	9	193	-0.298807152333598
28	8	193	-0.298807152333598
29	7	193	0.298807152333599
30	6	193	0.298807152333598
31	5	193	-0.239045721866879
32	4	193	-0.119522860933439
33	3	193	0.239045721866879
34	2	193	-0.119522860933439
35	1	193	-0.239045721866879
15	22	194	-0.207019667802705
16	21	194	-0.207019667802705
18	19	194	-0.084515425472851
20	17	194	0.084515425472852
25	12	194	0.414039335605413
26	11	194	0.414039335605413
28	9	194	-0.422577127364258
30	7	194	0.422577127364259
32	5	194	-0.292770021884560
33	4	194	0.119522860933439
34	3	194	0.119522860933439
35	2	194	-0.292770021884560
16	22	195	-0.292770021884558
19	19	195	-0.084515425472851
20	18	195	0.084515425472852
26	12	195	0.585540043769121
29	9	195	-0.422577127364258
30	8	195	0.422577127364258
33	5	195	-0.239045721866879
34	4	195	0.292770021884560
35	3	195	-0.239045721866879
14	23	196	-0.267261241912424
17	21	196	-0.130930734141595
18	20	196	0.106904496764970
24	13	196	0.654653670707978
27	11	196	-0.277746029931765
28	10	196	0.226778683805537
31	8	196	-0.370328039909021
32	7	196	0.370328039909021
33	6	196	-0.261861468283191
14	24	197	-0.154303349962091
15	23	197	-0.218217890235992
17	22	197	-0.106904496764969
18	21	197	-0.043643578047198
19	20	197	0.123442679969673
24	14	197	0.377964473009227
25	13	197	0.534522483824849
27	12	197	-0.226778683805536
28	11	197	-0.092582009977255
29	10	197	0.261861468283191
31	9	197	-0.370328039909021
33	7	197	0.261861468283191
34	6	197	-0.370328039909021
15	24	198	-0.218217890235991
16	23	198	-0.154303349962091
18	22	198	-0.123442679969673
19	21	198	0.043643578047199
20	20	198	0.106904496764970
25	14	198	0.534522483824849
26	13	198	0.377964473009228
28	12	198	-0.261861468283190
29	11	198	0.092582009977255
30	10	198	0.226778683805536
32	9	198	-0.370328039909021
33	8	198	0.261861468283191
35	6	198	-0.370328039909021
16	24	199	-0.267261241912423
19	22	199	-0.106904496764969
20	21	199	0.130930734141595
26	14	199	0.654653670707978
29	12	199	-0.226778683805536
30	11	199	0.277746029931766
33	9	199	-0.261861468283191
34	8	199	0.370328039909021
35	7	199	-0.370328039909021
14	25	200	-0.239045721866878
17	24	200	-0.179284291400158
18	23	200	0.103509833901353
24	15	200	0.676123403782813
27	14	200	-0.103509833901353
28	13	200	0.059761430466720
31	12	200	-0.507092552837110
32	11	200	0.358568582800318
33	10	200	-0.207019667802706
15	25	201	-0.239045721866878
18	24	201	-0.146385010942279
19	23	201	0.146385010942280
25	15	201	0.676123403782813
28	14	201	-0.084515425472851
29	13	201	0.084515425472852
32	12	201	-0.358568582800318
33	11	201	0.414039335605412
34	10	201	-0.358568582800318
16	25	202	-0.239045721866878
19	24	202	-0.103509833901352
20	23	202	0.179284291400159
26	15	202	0.676123403782814
29	14	202	-0.059761430466719
30	13	202	0.103509833901353
33	12	202	-0.207019667802706
34	11	202	0.358568582800318
35	10	202	-0.507092552837110
17	16	203	-0.316227766016837
27	6	203	0.316227766016838
31	2	203	-0.632455532033675
32	1	203	0.632455532033676
17	17	204	-0.223606797749979
18	16	204	-0.223606797749978
27	7	204	0.223606797749979
28	6	204	0.223606797749979
31	3	204	-0.632455532033675
33	1	204	0.632455532033676
17	18	205	-0.141421356237309
18	17	205	-0.244948974278317
19	16	205	-0.141421356237309
27	8	205	0.141421356237309
28	7	205	0.244948974278318
29	6	205	0.141421356237310
31	4	205	-0.489897948556635
32	3	205	-0.400000000000000
33	2	205	0.400000000000000
34	1	205	0.489897948556636
17	19	206	-0.070710678118655
18	18	206	-0.212132034355964
19	17	206	-0.212132034355964
20	16	206	-0.070710678118655
27	9	206	0.070710678118655
28	8	206	0.212132034355964
29	7	206	0.212132034355964
30	6	206	0.070710678118655
31	5	206	-0.282842712474619
32	4	206	-0.565685424949238
34	2	206	0.565685424949238
35	1	206	0.282842712474619
18	19	207	-0.141421356237309
19	18	207	-0.244948974278317
20	17	207	-0.141421356237309
28	9	207	0.141421356237309
29	8	207	0.244948974278318
30	7	207	0.141421356237310
32	5	207	-0.489897948556636
33	4	207	-0.400000000000000
34	3	207	0.400000000000000
35	2	207	0.489897948556636
19	19	208	-0.223606797749979
20	18	208	-0.223606797749979
29	9	208	0.223606797749979
30	8	208	0.223606797749979
33	5	208	-0.632455532033676
35	3	208	0.632455532033676
20	19	209	-0.316227766016837
30	9	209	0.316227766016838
34	5	209	-0.632455532033676
35	4	209	0.632455532033676
17	20	210	-0.316227766016838
27	10	210	0.447213595499958
31	7	210	-0.632455532033675
32	6	210	0.547722557505166
17	21	211	-0.200000000000000
18	20	211	-0.244948974278318
27	11	211	0.282842712474619
28	10	211	0.346410161513775
31	8	211	-0.565685424949238
32	7	211	-0.141421356237309
33	6	211	0.600000000000000
17	22	212	-0.100000000000000
18	21	212	-0.244948974278318
19	20	212	-0.173205080756888
27	12	212	0.141421356237309
28	11	212	0.346410161513775
29	10	212	0.244948974278318
31	9	212	-0.346410161513775
32	8	212	-0.500000000000000
33	7	212	0.244948974278318
34	6	212	0.519615242270663
18	22	213	-0.173205080756888
19	21	213	-0.244948974278317
20	20	213	-0.100000000000000
28	12	213	0.244948974278318
29	11	213	0.346410161513775
30	10	213	0.141421356237310
32	9	213	-0.519615242270663
33	8	213	-0.244948974278318
34	7	213	0.500000000000000
35	6	213	0.346410161513776
19	22	214	-0.244948974278318
20	21	214	-0.200000000000000
29	12	214	0.346410161513776
30	11	214	0.282842712474619
33	9	214	-0.600000000000000
34	8	214	0.141421356237310
35	7	214	0.565685424949238
20	22	215	-0.316227766016837
30	12	215	0.447213595499958
34	9	215	-0.547722557505166
35	8	215	0.632455532033676
17	23	216	-0.316227766016838
27	13	216	0.547722557505167
31	11	216	-0.632455532033676
32	10	216	0.447213595499958
17	24	217	-0.158113883008419
18	23	217	-0.273861278752583
27	14	217	0.273861278752583
28	13	217	0.474341649025257
31	12	217	-0.447213595499958
32	11	217	-0.316227766016838
33	10	217	0.547722557505167
18	24	218	-0.223606797749979
19	23	218	-0.223606797749979
28	14	218	0.387298334620742
29	13	218	0.387298334620742
32	12	218	-0.547722557505166
34	10	218	0.547722557505166
19	24	219	-0.273861278752583
20	23	219	-0.158113883008419
29	14	219	0.474341649025257
30	13	219	0.273861278752583
33	12	219	-0.547722557505166
34	11	219	0.316227766016838
35	10	219	0.447213595499958
20	24	220	-0.316227766016837
30	14	220	0.547722557505167
34	12	220	-0.447213595499958
35	11	220	0.632455532033676
17	25	221	-0.316227766016837
27	15	221	0.632455532033676
31	14	221	-0.632455532033676
32	13	221	0.316227766016838
18	25	222	-0.316227766016837
28	15	222	0.632455532033676
32	14	222	-0.547722557505166
33	13	222	0.447213595499958
19	25	223	-0.316227766016837
29	15	223	0.632455532033676
33	14	223	-0.447213595499958
34	13	223	0.547722557505166
20	25	224	-0.316227766016837
30	15	224	0.632455532033676
34	14	224	-0.316227766016838
35	13	224	0.632455532033676
11	26	225	-0.447213595499957
21	20	225	0.632455532033676
22	17	225	-0.316227766016836
23	16	225	0.547722557505167
11	27	226	-0.447213595499957
21	21	226	0.632455532033676
22	18	226	-0.447213595499956
23	17	226	0.447213595499958
11	28	227	-0.447213595499957
21	22	227	0.632455532033676
22	19	227	-0.547722557505165
23	18	227	0.316227766016838
11	29	228	-0.316227766016837
12	27	228	-0.182574185835054
13	26	228	0.258198889747161
21	23	228	0.632455532033676
24	18	228	-0.258198889747160
25	17	228	0.365148371670111
26	16	228	-0.447213595499958
11	30	229	-0.316227766016837
12	28	229	-0.258198889747160
13	27	229	0.182574185835055
21	24	229	0.632455532033676
24	19	229	-0.447213595499957
25	18	229	0.365148371670110
26	17	229	-0.258198889747161
11	31	230	-0.200000000000000
12	30	230	-0.244948974278317
13	29	230	0.244948974278318
14	28	230	-0.115470053837925
15	27	230	0.115470053837925
16	26	230	-0.115470053837925
21	25	230	0.489897948556636
22	24	230	0.282842712474619
23	23	230	-0.282842712474619
24	22	230	-0.230940107675850
25	21	230	0.230940107675850
26	20	230	-0.230940107675850
27	19	230	-0.244948974278317
28	18	230	0.244948974278318
29	17	230	-0.244948974278318
30	16	230	0.244948974278318
12	26	231	-0.447213595499957
22	20	231	0.547722557505166
24	17	231	-0.447213595499957
25	16	231	0.547722557505166
12	27	232	-0.365148371670110
13	26	232	-0.258198889747161
22	21	232	0.447213595499959
23	20	232	0.316227766016838
24	18	232	-0.516397779494322
25	17	232	0.182574185835056
26	16	232	0.447213595499958
12	28	233	-0.258198889747161
13	27	233	-0.365148371670110
22	22	233	0.316227766016839
23	21	233	0.447213595499959
24	19	233	-0.447213595499958
25	18	233	-0.182574185835055
26	17	233	0.516397779494323
13	28	234	-0.447213595499957
23	22	234	0.547722557505168
25	19	234	-0.547722557505166
26	18	234	0.447213595499958
12	29	235	-0.365148371670110
14	27	235	-0.182574185835055
15	26	235	0.182574185835055
22	23	235	0.632455532033676
24	21	235	-0.182574185835054
25	20	235	0.182574185835056
27	18	235	-0.316227766016838
28	17	235	0.365148371670111
29	16	235	-0.316227766016838
12	30	236	-0.258198889747161
13	29	236	-0.258198889747161
14	28	236	-0.182574185835055
16	26	236	0.182574185835055
22	24	236	0.447213595499958
23	23	236	0.447213595499958
24	22	236	-0.182574185835055
26	20	236	0.182574185835056
27	19	236	-0.387298334620742
28	18	236	0.129099444873581
29	17	236	0.129099444873581
30	16	236	-0.387298334620741
13	30	237	-0.365148371670110
15	28	237	-0.182574185835055
16	27	237	0.182574185835055
23	24	237	0.632455532033677
25	22	237	-0.182574185835055
26	21	237	0.182574185835055
28	19	237	-0.316227766016838
29	18	237	0.365148371670111
30	17	237	-0.316227766016838
12	31	238	-0.282842712474618
14	30	238	-0.266666666666666
15	29	238	0.188561808316413
17	28	238	-0.081649658092772
18	27	238	0.066666666666667
19	26	238	-0.047140452079103
22	25	238	0.600000000000000
24	24	238	0.094280904158207
25	23	238	-0.066666666666667
27	22	238	-0.404145188432738
28	21	238	0.329983164553722
29	20	238	-0.233333333333333
31	19	238	-0.200000000000000
32	18	238	0.173205080756888
33	17	238	-0.141421356237309
34	16	238	0.100000000000000
13	31	239	-0.282842712474619
15	30	239	-0.188561808316412
16	29	239	0.266666666666666
18	28	239	-0.047140452079103
19	27	239	0.066666666666667
20	26	239	-0.081649658092772
23	25	239	0.600000000000000
25	24	239	0.066666666666667
26	23	239	-0.094280904158207
28	22	239	-0.233333333333333
29	21	239	0.329983164553722
30	20	239	-0.404145188432738
32	19	239	-0.100000000000000
33	18	239	0.141421356237310
34	17	239	-0.173205080756888
35	16	239	0.200000000000000
14	26	240	-0.447213595499957
24	20	240	0.447213595499958
27	17	240	-0.547722557505166
28	16	240	0.547722557505166
14	27	241	-0.316227766016838
15	26	241	-0.316227766016837
24	21	241	0.316227766016838
25	20	241	0.316227766016838
27	18	241	-0.547722557505166
29	16	241	0.547722557505166
14	28	242	-0.182574185835055
15	27	242	-0.365148371670110
16	26	242	-0.182574185835055
24	22	242	0.182574185835055
25	21	242	0.365148371670111
26	20	242	0.182574185835056
27	19	242	-0.387298334620742
28	18	242	-0.387298334620741
29	17	242	0.387298334620742
30	16	242	0.387298334620742
15	28	243	-0.316227766016837
16	27	243	-0.316227766016837
25	22	243	0.316227766016838
26	21	243	0.316227766016838
28	19	243	-0.547722557505166
30	17	243	0.547722557505166
16	28	244	-0.447213595499957
26	22	244	0.447213595499959
29	19	244	-0.547722557505166
30	18	244	0.547722557505166
14	29	245	-0.408248290463863
17	27	245	-0.141421356237309
18	26	245	0.115470053837925
24	23	245	0.577350269189626
27	21	245	-0.400000000000000
28	20	245	0.326598632371091
31	18	245	-0.282842712474619
32	17	245	0.282842712474619
33	16	245	-0.200000000000000
14	30	246	-0.235702260395516
15	29	246	-0.333333333333333
17	28	246	-0.115470053837925
18	27	246	-0.047140452079103
19	26	246	0.133333333333333
24	24	246	0.333333333333333
25	23	246	0.471404520791032
27	22	246	-0.326598632371090
28	21	246	-0.133333333333333
29	20	246	0.377123616632826
31	19	246	-0.282842712474619
33	17	246	0.200000000000000
34	16	246	-0.282842712474619
15	30	247	-0.333333333333333
16	29	247	-0.235702260395515
18	28	247	-0.133333333333333
19	27	247	0.047140452079103
20	26	247	0.115470053837925
25	24	247	0.471404520791032
26	23	247	0.333333333333334
28	22	247	-0.377123616632825
29	21	247	0.133333333333334
30	20	247	0.326598632371091
32	19	247	-0.282842712474619
33	18	247	0.200000000000000
35	16	247	-0.282842712474619
16	30	248	-0.408248290463862
19	28	248	-0.115470053837925
20	27	248	0.141421356237309
26	24	248	0.577350269189627
29	22	248	-0.326598632371090
30	21	248	0.400000000000000
33	19	248	-0.200000000000000
34	18	248	0.282842712474619
35	17	248	-0.282842712474619
14	31	249	-0.365148371670110
17	30	249	-0.223606797749978
18	29	249	0.129099444873581
24	25	249	0.632455532033676
27	24	249	-0.223606797749979
28	23	249	0.129099444873580
31	22	249	-0.447213595499958
32	21	249	0.316227766016838
33	20	249	-0.182574185835055
15	31	250	-0.365148371670110
18	30	250	-0.182574185835055
19	29	250	0.182574185835055
25	25	250	0.632455532033676
28	24	250	-0.182574185835055
29	23	250	0.182574185835055
32	22	250	-0.316227766016838
33	21	250	0.365148371670111
34	20	250	-0.316227766016838
16	31	251	-0.365148371670110
19	30	251	-0.129099444873580
20	29	251	0.223606797749979
26	25	251	0.632455532033676
29	24	251	-0.129099444873580
30	23	251	0.223606797749979
33	22	251	-0.182574185835055
34	21	251	0.316227766016838
35	20	251	-0.447213595499958
17	26	252	-0.447213595499957
27	20	252	0.316227766016838
31	17	252	-0.632455532033675
32	16	252	0.547722557505166
17	27	253	-0.282842712474619
18	26	253	-0.346410161513775
27	21	253	0.200000000000000
28	20	253	0.244948974278318
31	18	253	-0.565685424949237
32	17	253	-0.141421356237309
33	16	253	0.600000000000000
17	28	254	-0.141421356237309
18	27	254	-0.346410161513775
19	26	254	-0.244948974278317
27	22	254	0.100000000000000
28	21	254	0.244948974278318
29	20	254	0.173205080756888
31	19	254	-0.346410161513775
32	18	254	-0.500000000000000
33	17	254	0.244948974278318
34	16	254	0.519615242270663
18	28	255	-0.244948974278317
19	27	255	-0.346410161513775
20	26	255	-0.141421356237309
28	22	255	0.173205080756888
29	21	255	0.244948974278318
30	20	255	0.100000000000000
32	19	255	-0.519615242270663
33	18	255	-0.244948974278318
34	17	255	0.500000000000000
35	16	255	0.346410161513775
19	28	256	-0.346410161513775
20	27	256	-0.282842712474619
29	22	256	0.244948974278318
30	21	256	0.200000000000000
33	19	256	-0.600000000000000
34	18	256	0.141421356237310
35	17	256	0.565685424949238
20	28	257	-0.447213595499957
30	22	257	0.316227766016838
34	19	257	-0.547722557505166
35	18	257	0.632455532033676
17	29	258	-0.447213595499958
27	23	258	0.447213595499959
31	21	258	-0.632455532033676
32	20	258	0.447213595499958
17	30	259	-0.223606797749979
18	29	259	-0.387298334620741
27	24	259	0.223606797749979
28	23	259	0.387298334620742
31	22	259	-0.447213595499958
32	21	259	-0.316227766016838
33	20	259	0.547722557505166
18	30	260	-0.316227766016838
19	29	260	-0.316227766016838
28	24	260	0.316227766016838
29	23	260	0.316227766016838
32	22	260	-0.547722557505166
34	20	260	0.547722557505166
19	30	261	-0.387298334620741
20	29	261	-0.223606797749979
29	24	261	0.387298334620742
30	23	261	0.223606797749979
33	22	261	-0.547722557505166
34	21	261	0.316227766016838
35	20	261	0.447213595499958
20	30	262	-0.447213595499957
30	24	262	0.447213595499958
34	22	262	-0.447213595499958
35	21	262	0.632455532033676
17	31	263	-0.447213595499957
27	25	263	0.547722557505166
31	24	263	-0.632455532033676
32	23	263	0.316227766016838
18	31	264	-0.447213595499957
28	25	264	0.547722557505166
32	24	264	-0.547722557505166
33	23	264	0.447213595499958
19	31	265	-0.447213595499957
29	25	265	0.547722557505166
33	24	265	-0.447213595499958
34	23	265	0.547722557505166
20	31	266	-0.447213595499958
30	25	266	0.547722557505166
34	24	266	-0.316227766016838
35	23	266	0.632455532033676
11	32	267	-0.547722557505166
21	29	267	0.632455532033677
22	27	267	-0.316227766016837
23	26	267	0.447213595499958
11	33	268	-0.547722557505166
21	30	268	0.632455532033676
22	28	268	-0.447213595499957
23	27	268	0.316227766016838
11	34	269	-0.346410161513775
12	33	269	-0.299999999999999
13	32	269	0.300000000000000
21	31	269	0.565685424949238
22	30	269	0.100000000000000
23	29	269	-0.100000000000000
24	28	269	-0.346410161513775
25	27	269	0.346410161513776
26	26	269	-0.346410161513776
12	32	270	-0.547722557505166
22	29	270	0.547722557505167
24	27	270	-0.447213595499958
25	26	270	0.447213595499958
12	33	271	-0.387298334620742
13	32	271	-0.387298334620742
22	30	271	0.387298334620742
23	29	271	0.387298334620742
24	28	271	-0.447213595499957
26	26	271	0.447213595499958
13	33	272	-0.547722557505166
23	30	272	0.547722557505167
25	28	272	-0.447213595499957
26	27	272	0.447213595499958
12	34	273	-0.424264068711928
14	33	273	-0.282842712474619
15	32	273	0.200000000000000
22	31	273	0.600000000000000
24	30	273	-0.115470053837925
25	29	273	0.081649658092773
27	28	273	-0.400000000000000
28	27	273	0.326598632371091
29	26	273	-0.230940107675850
13	34	274	-0.424264068711928
15	33	274	-0.200000000000000
16	32	274	0.282842712474619
23	31	274	0.600000000000000
25	30	274	-0.081649658092772
26	29	274	0.115470053837925
28	28	274	-0.230940107675850
29	27	274	0.326598632371091
30	26	274	-0.400000000000000
14	32	275	-0.547722557505166
24	29	275	0.447213595499959
27	27	275	-0.547722557505166
28	26	275	0.447213595499958
14	33	276	-0.316227766016838
15	32	276	-0.447213595499958
24	30	276	0.258198889747161
25	29	276	0.365148371670111
27	28	276	-0.447213595499958
28	27	276	-0.182574185835055
29	26	276	0.516397779494322
15	33	277	-0.447213595499958
16	32	277	-0.316227766016838
25	30	277	0.365148371670111
26	29	277	0.258198889747161
28	28	277	-0.516397779494322
29	27	277	0.182574185835055
30	26	277	0.447213595499958
16	33	278	-0.547722557505166
26	30	278	0.447213595499958
29	28	278	-0.447213595499958
30	27	278	0.547722557505166
14	34	279	-0.489897948556635
17	33	279	-0.212132034355964
18	32	279	0.122474487139159
24	31	279	0.565685424949238
27	30	279	-0.367423461417477
28	29	279	0.212132034355964
31	28	279	-0.346410161513775
32	27	279	0.244948974278318
33	26	279	-0.141421356237310
15	34	280	-0.489897948556635
18	33	280	-0.173205080756887
19	32	280	0.173205080756888
25	31	280	0.565685424949238
28	30	280	-0.300000000000000
29	29	280	0.300000000000000
32	28	280	-0.244948974278318
33	27	280	0.282842712474619
34	26	280	-0.244948974278318
16	34	281	-0.489897948556635
19	33	281	-0.122474487139159
20	32	281	0.212132034355964
26	31	281	0.565685424949238
29	30	281	-0.212132034355964
30	29	281	0.367423461417477
33	28	281	-0.141421356237309
34	27	281	0.244948974278318
35	26	281	-0.346410161513776
17	32	282	-0.547722557505166
27	29	282	0.316227766016838
31	27	282	-0.632455532033676
32	26	282	0.447213595499958
17	33	283	-0.273861278752583
18	32	283	-0.474341649025257
27	30	283	0.158113883008419
28	29	283	0.273861278752583
31	28	283	-0.447213595499958
32	27	283	-0.316227766016838
33	26	283	0.547722557505167
18	33	284	-0.387298334620742
19	32	284	-0.387298334620742
28	30	284	0.223606797749979
29	29	284	0.223606797749979
32	28	284	-0.547722557505166
34	26	284	0.547722557505166
19	33	285	-0.474341649025257
20	32	285	-0.273861278752583
29	30	285	0.273861278752583
30	29	285	0.158113883008419
33	28	285	-0.547722557505166
34	27	285	0.316227766016838
35	26	285	0.447213595499958
20	33	286	-0.547722557505166
30	30	286	0.316227766016838
34	28	286	-0.447213595499958
35	27	286	0.632455532033676
17	34	287	-0.547722557505166
27	31	287	0.447213595499958
31	30	287	-0.632455532033676
32	29	287	0.316227766016838
18	34	288	-0.547722557505166
28	31	288	0.447213595499958
32	30	288	-0.547722557505166
33	29	288	0.447213595499958
19	34	289	-0.547722557505166
29	31	289	0.447213595499958
33	30	289	-0.447213595499958
34	29	289	0.547722557505166
20	34	290	-0.547722557505166
30	31	290	0.447213595499958
34	30	290	-0.316227766016838
35	29	290	0.632455532033676
11	35	291	-0.632455532033675
21	34	291	0.632455532033676
22	33	291	-0.316227766016838
23	32	291	0.316227766016838
12	35	292	-0.632455532033675
22	34	292	0.547722557505166
24	33	292	-0.447213595499958
25	32	292	0.316227766016838
13	35	293	-0.632455532033675
23	34	293	0.547722557505166
25	33	293	-0.316227766016838
26	32	293	0.447213595499958
14	35	294	-0.632455532033676
24	34	294	0.447213595499958
27	33	294	-0.547722557505167
28	32	294	0.316227766016838
15	35	295	-0.632455532033675
25	34	295	0.447213595499958
28	33	295	-0.447213595499958
29	32	295	0.447213595499958
16	35	296	-0.632455532033676
26	34	296	0.447213595499958
29	33	296	-0.316227766016838
30	32	296	0.547722557505166
17	35	297	-0.632455532033676
27	34	297	0.316227766016838
31	33	297	-0.632455532033676
32	32	297	0.316227766016838
18	35	298	-0.632455532033676
28	34	298	0.316227766016838
32	33	298	-0.547722557505166
33	32	298	0.447213595499958
19	35	299	-0.632455532033676
29	34	299	0.316227766016838
33	33	299	-0.447213595499958
34	32	299	0.547722557505166
20	35	300	-0.632455532033676
30	34	300	0.316227766016838
34	33	300	-0.316227766016838
35	32	300	0.632455532033676
