List of nonzero CGCs for S x S' => S'', alpha
Q(M)	Q(M')	Q(M'')	CGC
1	1	1	0.999999999999999
1	2	2	1.000000000000000
1	3	3	0.999999999999999
1	4	4	0.999999999999999
1	5	5	1.000000000000000
1	6	6	0.745355992499930
2	2	6	0.298142396999972
3	1	6	-0.596284793999944
1	7	7	0.745355992499929
2	3	7	0.421637021355783
3	2	7	-0.516397779494322
1	8	8	0.745355992499929
2	4	8	0.516397779494322
3	3	8	-0.421637021355784
1	9	9	0.745355992499930
2	5	9	0.596284793999944
3	4	9	-0.298142396999972
1	10	10	0.527046276694729
2	7	10	0.372677996249964
3	6	10	-0.645497224367902
4	3	10	0.129099444873580
5	2	10	-0.223606797749979
6	1	10	0.316227766016838
1	11	11	0.527046276694730
2	8	11	0.527046276694730
3	7	11	-0.527046276694730
4	4	11	0.223606797749979
5	3	11	-0.258198889747161
6	2	11	0.223606797749979
1	12	12	0.527046276694730
2	9	12	0.645497224367903
3	8	12	-0.372677996249965
4	5	12	0.316227766016838
5	4	12	-0.223606797749979
6	3	12	0.129099444873581
1	13	13	0.345032779671177
2	11	13	0.398409536444798
3	10	13	-0.563436169819011
4	8	13	0.243975018237134
5	7	13	-0.345032779671177
6	6	13	0.422577127364258
7	4	13	0.069006555934236
8	3	13	-0.097590007294853
9	2	13	0.119522860933439
10	1	13	-0.138013111868471
1	14	14	0.345032779671177
2	12	14	0.563436169819011
3	11	14	-0.398409536444798
4	9	14	0.422577127364258
5	8	14	-0.345032779671177
6	7	14	0.243975018237133
7	5	14	0.138013111868471
8	4	14	-0.119522860933439
9	3	14	0.097590007294853
10	2	14	-0.069006555934235
1	15	15	0.199204768222399
2	14	15	0.398409536444798
3	13	15	-0.398409536444798
4	12	15	0.398409536444798
5	11	15	-0.398409536444798
6	10	15	0.398409536444798
7	9	15	0.199204768222399
8	8	15	-0.199204768222399
9	7	15	0.199204768222399
10	6	15	-0.199204768222399
11	5	15	0.039840953644480
12	4	15	-0.039840953644480
13	3	15	0.039840953644480
14	2	15	-0.039840953644480
15	1	15	0.039840953644480
2	1	16	1.000000000000000
2	2	17	0.894427190999916
3	1	17	0.447213595499958
2	3	18	0.774596669241483
3	2	18	0.632455532033676
2	4	19	0.632455532033676
3	3	19	0.774596669241483
2	5	20	0.447213595499958
3	4	20	0.894427190999916
3	5	21	1.000000000000000
2	6	22	0.816496580927726
4	2	22	0.333333333333333
5	1	22	-0.471404520791032
2	7	23	0.707106781186547
3	6	23	0.408248290463863
4	3	23	0.408248290463863
5	2	23	-0.235702260395516
6	1	23	-0.333333333333333
2	8	24	0.577350269189625
3	7	24	0.577350269189626
4	4	24	0.408248290463863
6	2	24	-0.408248290463863
2	9	25	0.408248290463863
3	8	25	0.707106781186547
4	5	25	0.333333333333334
5	4	25	0.235702260395516
6	3	25	-0.408248290463863
3	9	26	0.816496580927726
5	5	26	0.471404520791032
6	4	26	-0.333333333333334
2	10	27	0.645497224367902
4	7	27	0.447213595499957
5	6	27	-0.547722557505166
7	3	27	0.129099444873580
8	2	27	-0.182574185835055
9	1	27	0.182574185835055
2	11	28	0.527046276694729
3	10	28	0.372677996249965
4	8	28	0.516397779494322
5	7	28	-0.182574185835055
6	6	28	-0.447213595499958
7	4	28	0.182574185835055
8	3	28	-0.129099444873581
10	1	28	0.182574185835055
2	12	29	0.372677996249965
3	11	29	0.527046276694730
4	9	29	0.447213595499958
5	8	29	0.182574185835055
6	7	29	-0.516397779494322
7	5	29	0.182574185835056
9	3	29	-0.129099444873581
10	2	29	0.182574185835055
3	12	30	0.645497224367903
5	9	30	0.547722557505167
6	8	30	-0.447213595499958
8	5	30	0.182574185835056
9	4	30	-0.182574185835055
10	3	30	0.129099444873581
2	13	31	0.487950036474266
4	11	31	0.517549169506766
5	10	31	-0.517549169506765
7	8	31	0.253546276418555
8	7	31	-0.292770021884560
9	6	31	0.253546276418555
11	4	31	0.048795003647427
12	3	31	-0.059761430466720
13	2	31	0.059761430466720
14	1	31	-0.048795003647427
2	14	32	0.345032779671177
3	13	32	0.345032779671177
4	12	32	0.517549169506766
6	10	32	-0.517549169506766
7	9	32	0.310529501704060
8	8	32	-0.103509833901353
9	7	32	-0.103509833901353
10	6	32	0.310529501704059
11	5	32	0.069006555934236
12	4	32	-0.034503277967118
14	2	32	0.034503277967118
15	1	32	-0.069006555934235
3	14	33	0.487950036474267
5	12	33	0.517549169506766
6	11	33	-0.517549169506766
8	9	33	0.253546276418555
9	8	33	-0.292770021884560
10	7	33	0.253546276418555
12	5	33	0.048795003647427
13	4	33	-0.059761430466720
14	3	33	0.059761430466720
15	2	33	-0.048795003647427
2	15	34	0.345032779671177
4	14	34	0.563436169819011
5	13	34	-0.398409536444798
7	12	34	0.422577127364258
8	11	34	-0.345032779671177
9	10	34	0.243975018237133
11	9	34	0.138013111868471
12	8	34	-0.119522860933439
13	7	34	0.097590007294853
14	6	34	-0.069006555934235
3	15	35	0.345032779671177
5	14	35	0.398409536444798
6	13	35	-0.563436169819011
8	12	35	0.243975018237133
9	11	35	-0.345032779671177
10	10	35	0.422577127364258
12	9	35	0.069006555934235
13	8	35	-0.097590007294853
14	7	35	0.119522860933440
15	6	35	-0.138013111868471
4	1	36	1.000000000000000
4	2	37	0.816496580927726
5	1	37	0.577350269189626
4	3	38	0.632455532033676
5	2	38	0.730296743340221
6	1	38	0.258198889747161
4	4	39	0.447213595499958
5	3	39	0.774596669241483
6	2	39	0.447213595499958
4	5	40	0.258198889747161
5	4	40	0.730296743340221
6	3	40	0.632455532033676
5	5	41	0.577350269189626
6	4	41	0.816496580927726
6	5	42	1.000000000000000
4	6	43	0.881917103688197
7	2	43	0.308606699924184
8	1	43	-0.356348322549899
4	7	44	0.683130051063973
5	6	44	0.557773351022717
7	3	44	0.338061701891406
8	2	44	-0.079681907288959
9	1	44	-0.318727629155838
4	8	45	0.483045891539647
5	7	45	0.683130051063973
6	6	45	0.278886675511359
7	4	45	0.292770021884560
8	3	45	0.138013111868471
9	2	45	-0.281718084909505
10	1	45	-0.195180014589707
4	9	46	0.278886675511358
5	8	46	0.683130051063973
6	7	46	0.483045891539648
7	5	46	0.195180014589706
8	4	46	0.281718084909505
9	3	46	-0.138013111868471
10	2	46	-0.292770021884560
5	9	47	0.557773351022717
6	8	47	0.683130051063973
8	5	47	0.318727629155838
9	4	47	0.079681907288960
10	3	47	-0.338061701891406
6	9	48	0.881917103688197
9	5	48	0.356348322549900
10	4	48	-0.308606699924184
4	10	49	0.763762615825973
7	7	49	0.440958551844098
8	6	49	-0.440958551844098
11	3	49	0.089087080637474
12	2	49	-0.109108945117996
13	1	49	0.089087080637475
4	11	50	0.540061724867321
5	10	50	0.540061724867321
7	8	50	0.440958551844098
9	6	50	-0.440958551844098
11	4	50	0.109108945117996
12	3	50	-0.044543540318738
13	2	50	-0.044543540318737
14	1	50	0.109108945117996
4	12	51	0.311804782231161
5	11	51	0.623609564462323
6	10	51	0.311804782231162
7	9	51	0.311804782231162
8	8	51	0.311804782231162
9	7	51	-0.311804782231162
10	6	51	-0.311804782231162
11	5	51	0.089087080637475
12	4	51	0.044543540318737
13	3	51	-0.089087080637475
14	2	51	0.044543540318737
15	1	51	0.089087080637475
5	12	52	0.540061724867322
6	11	52	0.540061724867322
8	9	52	0.440958551844099
10	7	52	-0.440958551844098
12	5	52	0.109108945117996
13	4	52	-0.044543540318737
14	3	52	-0.044543540318737
15	2	52	0.109108945117996
6	12	53	0.763762615825974
9	9	53	0.440958551844099
10	8	53	-0.440958551844098
13	5	53	0.089087080637475
14	4	53	-0.109108945117996
15	3	53	0.089087080637475
4	13	54	0.645497224367902
7	11	54	0.547722557505166
8	10	54	-0.447213595499957
11	8	54	0.182574185835055
12	7	54	-0.182574185835055
13	6	54	0.129099444873580
4	14	55	0.372677996249965
5	13	55	0.527046276694730
7	12	55	0.447213595499958
8	11	55	0.182574185835056
9	10	55	-0.516397779494322
11	9	55	0.182574185835056
13	7	55	-0.129099444873581
14	6	55	0.182574185835055
5	14	56	0.527046276694730
6	13	56	0.372677996249965
8	12	56	0.516397779494323
9	11	56	-0.182574185835055
10	10	56	-0.447213595499958
12	9	56	0.182574185835056
13	8	56	-0.129099444873581
15	6	56	0.182574185835055
6	14	57	0.645497224367903
9	12	57	0.447213595499959
10	11	57	-0.547722557505166
13	9	57	0.129099444873581
14	8	57	-0.182574185835056
15	7	57	0.182574185835055
4	15	58	0.527046276694730
7	14	58	0.645497224367903
8	13	58	-0.372677996249965
11	12	58	0.316227766016838
12	11	58	-0.223606797749979
13	10	58	0.129099444873581
5	15	59	0.527046276694730
8	14	59	0.527046276694730
9	13	59	-0.527046276694730
12	12	59	0.223606797749979
13	11	59	-0.258198889747161
14	10	59	0.223606797749979
6	15	60	0.527046276694730
9	14	60	0.372677996249965
10	13	60	-0.645497224367903
13	12	60	0.129099444873581
14	11	60	-0.223606797749979
15	10	60	0.316227766016838
7	1	61	1.000000000000000
7	2	62	0.755928946018454
8	1	62	0.654653670707977
7	3	63	0.534522483824849
8	2	63	0.755928946018454
9	1	63	0.377964473009227
7	4	64	0.338061701891406
8	3	64	0.717137165600636
9	2	64	0.585540043769120
10	1	64	0.169030850945703
7	5	65	0.169030850945703
8	4	65	0.585540043769120
9	3	65	0.717137165600636
10	2	65	0.338061701891407
8	5	66	0.377964473009227
9	4	66	0.755928946018454
10	3	66	0.534522483824849
9	5	67	0.654653670707977
10	4	67	0.755928946018454
10	5	68	0.999999999999999
7	6	69	0.942809041582064
11	2	69	0.235702260395516
12	1	69	-0.235702260395516
7	7	70	0.666666666666666
8	6	70	0.666666666666666
11	3	70	0.235702260395516
13	1	70	-0.235702260395516
7	8	71	0.421637021355783
8	7	71	0.730296743340221
9	6	71	0.421637021355784
11	4	71	0.182574185835055
12	3	71	0.149071198499986
13	2	71	-0.149071198499986
14	1	71	-0.182574185835055
7	9	72	0.210818510677892
8	8	72	0.632455532033675
9	7	72	0.632455532033676
10	6	72	0.210818510677892
11	5	72	0.105409255338946
12	4	72	0.210818510677892
14	2	72	-0.210818510677892
15	1	72	-0.105409255338946
8	9	73	0.421637021355783
9	8	73	0.730296743340221
10	7	73	0.421637021355784
12	5	73	0.182574185835055
13	4	73	0.149071198499986
14	3	73	-0.149071198499986
15	2	73	-0.182574185835055
9	9	74	0.666666666666666
10	8	74	0.666666666666667
13	5	74	0.235702260395516
15	3	74	-0.235702260395516
10	9	75	0.942809041582063
14	5	75	0.235702260395516
15	4	75	-0.235702260395516
7	10	76	0.881917103688196
11	7	76	0.356348322549899
12	6	76	-0.308606699924184
7	11	77	0.557773351022716
8	10	77	0.683130051063973
11	8	77	0.318727629155838
12	7	77	0.079681907288959
13	6	77	-0.338061701891406
7	12	78	0.278886675511358
8	11	78	0.683130051063973
9	10	78	0.483045891539648
11	9	78	0.195180014589706
12	8	78	0.281718084909505
13	7	78	-0.138013111868471
14	6	78	-0.292770021884560
8	12	79	0.483045891539647
9	11	79	0.683130051063973
10	10	79	0.278886675511358
12	9	79	0.292770021884560
13	8	79	0.138013111868471
14	7	79	-0.281718084909505
15	6	79	-0.195180014589707
9	12	80	0.683130051063973
10	11	80	0.557773351022717
13	9	80	0.338061701891407
14	8	80	-0.079681907288959
15	7	80	-0.318727629155838
10	12	81	0.881917103688197
14	9	81	0.308606699924184
15	8	81	-0.356348322549899
7	13	82	0.816496580927726
11	11	82	0.471404520791031
12	10	82	-0.333333333333333
7	14	83	0.408248290463863
8	13	83	0.707106781186547
11	12	83	0.333333333333333
12	11	83	0.235702260395516
13	10	83	-0.408248290463863
8	14	84	0.577350269189626
9	13	84	0.577350269189626
12	12	84	0.408248290463863
14	10	84	-0.408248290463863
9	14	85	0.707106781186547
10	13	85	0.408248290463863
13	12	85	0.408248290463863
14	11	85	-0.235702260395516
15	10	85	-0.333333333333333
10	14	86	0.816496580927726
14	12	86	0.333333333333334
15	11	86	-0.471404520791032
7	15	87	0.745355992499930
11	14	87	0.596284793999944
12	13	87	-0.298142396999972
8	15	88	0.745355992499930
12	14	88	0.516397779494323
13	13	88	-0.421637021355784
9	15	89	0.745355992499930
13	14	89	0.421637021355784
14	13	89	-0.516397779494322
10	15	90	0.745355992499930
14	14	90	0.298142396999972
15	13	90	-0.596284793999944
11	1	91	0.999999999999999
11	2	92	0.707106781186547
12	1	92	0.707106781186547
11	3	93	0.462910049886275
12	2	93	0.755928946018454
13	1	93	0.462910049886275
11	4	94	0.267261241912424
12	3	94	0.654653670707977
13	2	94	0.654653670707977
14	1	94	0.267261241912424
11	5	95	0.119522860933439
12	4	95	0.478091443733757
13	3	95	0.717137165600636
14	2	95	0.478091443733757
15	1	95	0.119522860933439
12	5	96	0.267261241912424
13	4	96	0.654653670707977
14	3	96	0.654653670707977
15	2	96	0.267261241912424
13	5	97	0.462910049886276
14	4	97	0.755928946018454
15	3	97	0.462910049886276
14	5	98	0.707106781186547
15	4	98	0.707106781186547
15	5	99	1.000000000000000
11	6	100	1.000000000000000
11	7	101	0.654653670707978
12	6	101	0.755928946018455
11	8	102	0.377964473009227
12	7	102	0.755928946018454
13	6	102	0.534522483824849
11	9	103	0.169030850945703
12	8	103	0.585540043769120
13	7	103	0.717137165600636
14	6	103	0.338061701891407
12	9	104	0.338061701891406
13	8	104	0.717137165600636
14	7	104	0.585540043769120
15	6	104	0.169030850945703
13	9	105	0.534522483824849
14	8	105	0.755928946018454
15	7	105	0.377964473009227
14	9	106	0.755928946018454
15	8	106	0.654653670707977
15	9	107	1.000000000000000
11	10	108	0.999999999999999
11	11	109	0.577350269189625
12	10	109	0.816496580927725
11	12	110	0.258198889747161
12	11	110	0.730296743340221
13	10	110	0.632455532033676
12	12	111	0.447213595499957
13	11	111	0.774596669241483
14	10	111	0.447213595499958
13	12	112	0.632455532033676
14	11	112	0.730296743340221
15	10	112	0.258198889747161
14	12	113	0.816496580927726
15	11	113	0.577350269189626
15	12	114	1.000000000000000
11	13	115	0.999999999999999
11	14	116	0.447213595499958
12	13	116	0.894427190999915
12	14	117	0.632455532033676
13	13	117	0.774596669241483
13	14	118	0.774596669241483
14	13	118	0.632455532033676
14	14	119	0.894427190999916
15	13	119	0.447213595499958
15	14	120	1.000000000000000
11	15	121	1.000000000000000
12	15	122	1.000000000000000
13	15	123	1.000000000000000
14	15	124	1.000000000000000
15	15	125	1.000000000000000
